14:21:16
Solution alpha to step 92 is 
 [[ 18118.03026688   8236.48968905   7870.26524923   3901.95698501]
 [  8236.48968905   3765.07412163   3580.95669194   1776.57525686]
 [  7870.26524923   3580.95669194   3421.27725447   1696.33840198]
 [  3901.95698501   1776.57525686   1696.33840198    841.35601296]] 
 1.0
 159999.9999998831
Solution alpha to step 91 is 
 [[ 15004.88803146   6911.15539452   6541.75359119   3255.99194693]
 [  6911.15539452   3196.53905893   3015.16209953   1501.13136154]
 [  6541.75359119   3015.16209953   2854.03787403   1420.57885974]
 [  3255.99194693   1501.13136154   1420.57885974    707.14159759]] 
 1.0927734375
 21425.039353512766
14:21:55
Solution alpha to step 90 is 
 [[ 13898.78722746   6449.39565282   6067.6962322    3018.62707604]
 [  6449.39565282   3003.20674749   2817.16269781   1401.90773376]
 [  6067.6962322    2817.16269781   2650.67715388   1318.73902381]
 [  3018.62707604   1401.90773376   1318.73902381    656.14340205]] 
 1.0869140625
 13031.300498342629
14:22:23
Solution alpha to step 89 is 
 [[ 12538.06432829   5893.88640881   5463.6884974    2720.80924095]
 [  5893.88640881   2778.40112811   2569.55952623   1279.83292792]
 [  5463.6884974    2569.55952623   2382.41868606   1186.42617471]
 [  2720.80924095   1279.83292792   1186.42617471    590.87267351]] 
 1.115234375
 6866.041565853576
14:22:51
Solution alpha to step 88 is 
 [[ 12287.86986771   5808.62234209   5336.03685431   2656.33787907]
 [  5808.62234209   2752.54291812   2523.43043783   1256.41452344]
 [  5336.03685431   2523.43043783   2318.56097229   1154.23010685]
 [  2656.33787907   1256.41452344   1154.23010685    574.64411764]] 
 1.158203125
 6502.861006202078
14:23:15
Solution alpha to step 87 is 
 [[ 12094.94760273   5738.3419649    5235.15191247   2605.33240417]
 [  5738.3419649    2728.6955558    2484.70893686   1236.75388913]
 [  5235.15191247   2484.70893686   2267.27208664   1128.35650742]
 [  2605.33240417   1236.75388913   1128.35650742    561.59484382]] 
 1.2177734375
 7023.543713277651
14:23:46
Solution alpha to step 86 is 
 [[ 11997.58326342   5709.94010314   5178.49339842   2576.22969708]
 [  5709.94010314   2723.54623611   2465.48551934   1226.7545485 ]
 [  5178.49339842   2465.48551934   2236.47837416   1112.64038806]
 [  2576.22969708   1226.7545485    1112.64038806    553.58013155]] 
 1.2724609375
 8366.652954140709
14:24:10
Solution alpha to step 85 is 
 [[ 11875.43426071   5672.48966662   5113.89379617   2543.1089901 ]
 [  5672.48966662   2715.73271046   2443.66868342   1215.43884544]
 [  5113.89379617   2443.66868342   2203.53330997   1095.82845797]
 [  2543.1089901    1215.43884544   1095.82845797    545.00825496]] 
 1.3203125
 10605.172931507512
14:24:34
Solution alpha to step 84 is 
 [[ 12042.56194419   5752.62183111   5191.32843331   2579.22466502]
 [  5752.62183111   2754.65639557   2480.85767826   1232.83930506]
 [  5191.32843331   2480.85767826   2239.34958492   1112.61508343]
 [  2579.22466502   1232.83930506   1112.61508343    552.85571644]] 
 1.3193359375
 14404.113501541147
14:24:59
Solution alpha to step 83 is 
 [[ 11334.72908001   5402.89673951   4916.61582188   2443.28349876]
 [  5402.89673951   2582.25591411   2344.62840946   1165.407237  ]
 [  4916.61582188   2344.62840946   2134.25280144   1060.63586129]
 [  2443.28349876   1165.407237     1060.63586129    527.14398581]] 
 1.2705078125
 12210.920702606247
14:25:23
Solution alpha to step 82 is 
 [[ 10115.33972751   4813.23835548   4415.74959254   2195.58314532]
 [  4813.23835548   2296.97022358   2102.17682851   1045.45523479]
 [  4415.74959254   2102.17682851   1929.32092944    959.31604676]
 [  2195.58314532   1045.45523479    959.31604676    477.04384466]] 
 1.216796875
 8077.485797519379
14:25:48
Solution alpha to step 81 is 
 [[ 9102.81081267  4319.01953508  3992.94900649  1984.95217961]
 [ 4319.01953508  2055.67088012  1895.5023426    942.49595222]
 [ 3992.94900649  1895.5023426   1753.18502833   871.5585063 ]
 [ 1984.95217961   942.49595222   871.5585063    433.31986281]] 
 1.318359375
 9732.16389839173
14:26:12
Solution alpha to step 80 is 
 [[ 9184.24879995  4378.9678186   4030.97118387  2002.14219922]
 [ 4378.9678186   2094.74250043  1922.96619634   955.38442092]
 [ 4030.97118387  1922.96619634  1771.00627073   879.6731243 ]
 [ 2002.14219922   955.38442092   879.6731243    436.99377371]] 
 1.26171875
 11326.18026556355
14:26:35
Solution alpha to step 79 is 
 [[ 8730.56936186  4277.97886853  3800.14566117  1886.65915006]
 [ 4277.97886853  2103.0575281   1863.14896903   925.27308077]
 [ 3800.14566117  1863.14896903  1655.92016767   822.15087893]
 [ 1886.65915006   925.27308077   822.15087893   408.24966831]] 
 1.2939453125
 13219.48755163198
14:26:59
Solution alpha to step 78 is 
 [[ 8188.65698774  4178.95984296  3506.6509768   1741.08223395]
 [ 4178.95984296  2139.44490733  1790.70545794   889.33848423]
 [ 3506.6509768   1790.70545794  1503.52755436   746.5471005 ]
 [ 1741.08223395   889.33848423   746.5471005    370.73718543]] 
 1.431640625
 17742.36781548819
14:27:23
Solution alpha to step 77 is 
 [[ 8225.02197857  4381.21455573  3448.59050393  1709.63584593]
 [ 4381.21455573  2341.412589    1838.32007223   911.62558965]
 [ 3448.59050393  1838.32007223  1447.99212136   717.88203312]
 [ 1709.63584593   911.62558965   717.88203312   355.97237877]] 
 1.544921875
 34309.05862728847
14:27:57
Solution alpha to step 76 is 
 [[ 8054.08182571  4509.43139701  3290.46248708  1627.45957133]
 [ 4509.43139701  2534.11553872  1844.06635043   912.43772169]
 [ 3290.46248708  1844.06635043  1346.72639302   666.14641332]
 [ 1627.45957133   912.43772169   666.14641332   329.58078568]] 
 1.6171875
 67527.51223088258
14:28:27
Solution alpha to step 75 is 
 [[ 7682.38312485  4544.2900727   3051.05275242  1503.09631059]
 [ 4544.2900727   2699.85009628  1807.14282068   890.81272409]
 [ 3051.05275242  1807.14282068  1214.65220293   598.48337274]
 [ 1503.09631059   890.81272409   598.48337274   294.99008198]] 
 1.6259765625
 126910.06270323388
14:28:52
Solution alpha to step 74 is 
 [[ 7142.50168853  4455.68513933  2773.29563814  1357.47429862]
 [ 4455.68513933  2794.73478728  1733.35015855   849.25276598]
 [ 2773.29563814  1733.35015855  1080.40198652   528.97973943]
 [ 1357.47429862   849.25276598   528.97973943   259.15197369]] 
 1.57421875
 214406.23316644187
14:29:40
Solution alpha to step 73 is 
 [[ 5926.7487888   3956.23073153  2240.94381363  1089.27497515]
 [ 3956.23073153  2659.37417948  1500.27401255   730.33653418]
 [ 2240.94381363  1500.27401255   851.49395556   414.09618325]
 [ 1089.27497515   730.33653418   414.09618325   201.58869163]] 
 1.4951171875
 243904.4672676223
14:30:20
Solution alpha to step 72 is 
 [[ 4591.67376004  3361.05490829  1658.56382019   797.75703514]
 [ 3361.05490829  2482.52854171  1219.74656593   588.06559468]
 [ 1658.56382019  1219.74656593   603.50753528   290.54472391]
 [  797.75703514   588.06559468   290.54472391   140.13854014]] 
 1.4521484375
 235271.78375617566
14:30:52
Solution alpha to step 71 is 
 [[ 3393.99393935  2774.60303663  1153.27330711   545.14922461]
 [ 2774.60303663  2296.20144107   950.12867888   450.8730325 ]
 [ 1153.27330711   950.12867888   396.24371726   187.63322671]
 [  545.14922461   450.8730325    187.63322671    89.1774268 ]] 
 1.416015625
 197210.5983546803
14:31:24
Solution alpha to step 70 is 
 [[ 2348.69815809  2172.70510656   744.3135696    341.70348214]
 [ 2172.70510656  2047.08847877   697.84743934   322.63264754]
 [  744.3135696    697.84743934   239.98552825   110.58683394]
 [  341.70348214   322.63264754   110.58683394    51.35876929]] 
 1.3798828125
 140780.01477717937
14:31:54
Solution alpha to step 69 is 
 [[ 1498.116357    1578.4115903    443.77271072   194.09581908]
 [ 1578.4115903   1714.9767685    479.19981566   212.56131915]
 [  443.77271072   479.19981566   135.24160441    59.66685709]
 [  194.09581908   212.56131915    59.66685709    26.79702752]] 
 1.333984375
 83067.59921329025
14:32:21
Solution alpha to step 68 is 
 [[  871.88121323  1042.59842662   245.84723589    99.48943851]
 [ 1042.59842662  1320.51294936   308.30924088   128.69239678]
 [  245.84723589   308.30924088    72.86269271    30.12493274]
 [   99.48943851   128.69239678    30.12493274    12.99149659]] 
 1.2763671875
 40550.22329220371
14:32:52
Solution alpha to step 67 is 
 [[ 462.02883946  617.27693666  128.83686079   46.41500853]
 [ 617.27693666  926.96530988  189.64386854   73.45015619]
 [ 128.83686079  189.64386854   39.45019989   15.0015426 ]
 [  46.41500853   73.45015619   15.0015426     6.28372781]] 
 1.216796875
 17513.74176684362
14:33:23
Solution alpha to step 66 is 
 [[ 225.2682142   326.88596548   65.68825211   20.32979309]
 [ 326.88596548  609.84068198  117.20032874   42.80117952]
 [  65.68825211  117.20032874   23.11727649    8.14500771]
 [  20.32979309   42.80117952    8.14500771    3.46151333]] 
 1.1796875
 7869.696056996179
14:33:51
Solution alpha to step 65 is 
 [[ 104.23516299  154.47898202   33.5041986     8.88035204]
 [ 154.47898202  400.36098635   78.73125804   29.01472978]
 [  33.5041986    78.73125804   16.15250442    5.60932222]
 [   8.88035204   29.01472978    5.60932222    2.51478955]] 
 1.1669921875
 4220.996091297555
14:34:17
Solution alpha to step 64 is 
 [[  48.53687946   58.12282152   16.40046793    3.78165923]
 [  58.12282152  265.73707187   60.29313306   24.2651428 ]
 [  16.40046793   60.29313306   14.62200999    5.4704866 ]
 [   3.78165923   24.2651428     5.4704866     2.53859374]] 
 1.1591796875
 2720.6741987234877
14:34:45
Solution alpha to step 63 is 
 [[  27.00012753    5.37298075    4.75499481    0.27869909]
 [   5.37298075  162.12287456   50.24911851   22.60512674]
 [   4.75499481   50.24911851   17.35547836    7.26389148]
 [   0.27869909   22.60512674    7.26389148    3.4070772 ]] 
 1.1396484375
 1868.6285666017416
14:35:18
Solution alpha to step 62 is 
 [[ 24.54314707 -17.4551517   -7.29496186  -4.39025801]
 [-17.4551517   76.3162841   38.96130846  19.14520777]
 [ -7.29496186  38.96130846  24.90432139  11.41652998]
 [ -4.39025801  19.14520777  11.41652998   5.45502907]] 
 1.12109375
 1204.3123003844835
14:35:55
Solution alpha to step 61 is 
 [[ 35.24957032 -12.67883751 -23.50383765 -11.90011416]
 [-12.67883751  20.13356104  16.50489853   8.77397147]
 [-23.50383765  16.50489853  38.1096465   18.45384942]
 [-11.90011416   8.77397147  18.45384942   9.03275384]] 
 1.0830078125
 594.5342094189282
14:36:35
Solution alpha to step 60 is 
 [[ 56.02309903  27.25247456 -40.88141676 -20.46255652]
 [ 27.25247456  21.80052115 -26.2828414  -13.12306791]
 [-40.88141676 -26.2828414   46.85544771  23.1841994 ]
 [-20.46255652 -13.12306791  23.1841994   11.51152419]] 
 1.4599609375
 970.0123484426085
14:37:08
Solution alpha to step 59 is 
 [[ 113.27074841  121.31095321  -60.65070585  -30.3553418 ]
 [ 121.31095321  165.73391897  -81.50399219  -40.37732632]
 [ -60.65070585  -81.50399219   44.41057323   21.93744327]
 [ -30.3553418   -40.37732632   21.93744327   10.93059998]] 
 1.0869140625
 2161.5007258224036
14:37:34
Solution alpha to step 58 is 
 [[ 153.46463836  203.22468586  -54.35537585  -26.94469814]
 [ 203.22468586  322.24892374  -87.95044692  -42.48232866]
 [ -54.35537585  -87.95044692   25.70346992   12.49387763]
 [ -26.94469814  -42.48232866   12.49387763    6.23587121]] 
 1.0791015625
 2503.2307594187328
14:37:57
Solution alpha to step 57 is 
 [[ 186.76374445  263.2716056   -43.47456659  -20.66510784]
 [ 263.2716056   432.07048569  -75.4843982   -34.69631403]
 [ -43.47456659  -75.4843982    14.30598964    6.63996247]
 [ -20.66510784  -34.69631403    6.63996247    3.2748939 ]] 
 1.05078125
 1906.5465281105826
14:38:26
Solution alpha to step 56 is 
 [[ 195.87406565  273.05171777  -29.63641161  -12.37331139]
 [ 273.05171777  442.01956033  -54.14205568  -22.07399459]
 [ -29.63641161  -54.14205568    7.78564367    3.26737012]
 [ -12.37331139  -22.07399459    3.26737012    1.5608476 ]] 
 1.04296875
 1401.7839291200437
14:38:53
Solution alpha to step 55 is 
 [[ 171.04055687  225.36699892  -15.37478573   -4.04573704]
 [ 225.36699892  354.48298037  -32.4792783    -9.90220881]
 [ -15.37478573  -32.4792783     4.57468119    1.70308816]
 [  -4.04573704   -9.90220881    1.70308816    0.83882195]] 
 1.037109375
 1035.8441154600664
14:39:24
Solution alpha to step 54 is 
 [[ 116.90770549  137.75216405   -3.06880247    1.59753206]
 [ 137.75216405  211.61363702  -15.32761497   -2.74679484]
 [  -3.06880247  -15.32761497    3.57405875    1.48637292]
 [   1.59753206   -2.74679484    1.48637292    0.83977949]] 
 1.04296875
 606.4633799081648
14:39:55
Solution alpha to step 53 is 
 [[  78.41873717   81.67776984    3.3912688     4.32275034]
 [  81.67776984  127.15566944   -8.11774721   -0.16855728]
 [   3.3912688    -8.11774721    4.32850954    2.05509634]
 [   4.32275034   -0.16855728    2.05509634    1.21852276]] 
 1.015625
 390.1267202561146
14:40:21
Solution alpha to step 52 is 
 [[ 52.2872774   46.07771482   6.99834348   5.30904678]
 [ 46.07771482  74.11178422  -4.88299735   0.18258063]
 [  6.99834348  -4.88299735   5.88834768   2.96386424]
 [  5.30904678   0.18258063   2.96386424   1.69983905]] 
 1.05078125
 288.60626319497743
14:40:51
Solution alpha to step 51 is 
 [[ 40.73109586  29.74411946  10.18615051   6.35241568]
 [ 29.74411946  47.9533155   -2.97954397   0.35918203]
 [ 10.18615051  -2.97954397   8.61389723   4.3898321 ]
 [  6.35241568   0.35918203   4.3898321    2.40914071]] 
 1.0283203125
 210.17808163737513
14:41:16
Solution alpha to step 50 is 
 [[ 35.18090775  21.52131345  13.88974185   7.72586895]
 [ 21.52131345  31.79597573  -0.41305866   1.00143518]
 [ 13.88974185  -0.41305866  12.65265284   6.42068524]
 [  7.72586895   1.00143518   6.42068524   3.38094627]] 
 1.015625
 144.34139049923004
14:41:41
Solution alpha to step 49 is 
 [[ 33.86288088  18.3126998   18.6365845    9.71130149]
 [ 18.3126998   22.00658889   3.36287264   2.34526414]
 [ 18.6365845    3.36287264  18.16399041   9.14289457]
 [  9.71130149   2.34526414   9.14289457   4.67402045]] 
 1.0224609375
 90.97493192247558
14:42:05
Solution alpha to step 48 is 
 [[ 36.80634175  19.63054816  24.99241629  12.69531792]
 [ 19.63054816  18.56718358   8.64102637   4.70079889]
 [ 24.99241629   8.64102637  25.17780227  12.61203675]
 [ 12.69531792   4.70079889  12.61203675   6.36403276]] 
 1.0283203125
 65.33670796776855
14:42:28
Solution alpha to step 47 is 
 [[ 42.76936333  23.46565457  32.54048806  16.36507915]
 [ 23.46565457  18.3953587   14.85004557   7.6134728 ]
 [ 32.54048806  14.85004557  32.6471687   16.31629719]
 [ 16.36507915   7.6134728   16.31629719   8.18811271]] 
 1.033203125
 50.53128773800892
14:42:51
Solution alpha to step 46 is 
 [[ 50.95184143  28.10339134  39.44351176  19.78419693]
 [ 28.10339134  19.85515063  19.83709199  10.00014415]
 [ 39.44351176  19.83709199  37.29463763  18.62652857]
 [ 19.78419693  10.00014415  18.62652857   9.33965639]] 
 1.0361328125
 54.150484297157135
14:43:08
Solution alpha to step 45 is 
 [[ 60.32430161  31.26968777  43.80895668  21.99203392]
 [ 31.26968777  20.51043453  21.13887739  10.69112336]
 [ 43.80895668  21.13887739  36.9593674   18.46602994]
 [ 21.99203392  10.69112336  18.46602994   9.28274222]] 
 1.041015625
 75.97877987987478
14:43:26
Solution alpha to step 44 is 
 [[ 70.07749719  31.16080845  45.75673356  23.05607658]
 [ 31.16080845  18.35363651  18.77817801   9.62288181]
 [ 45.75673356  18.77817801  33.54956945  16.80438673]
 [ 23.05607658   9.62288181  16.80438673   8.4995411 ]] 
 1.046875
 90.45632359335913
14:44:05
Solution alpha to step 43 is 
 [[ 79.11469322  26.25985296  45.58618101  23.16870944]
 [ 26.25985296  13.65240811  13.43411455   7.07347638]
 [ 45.58618101  13.43411455  28.8211809   14.53566471]
 [ 23.16870944   7.07347638  14.53566471   7.43855848]] 
 1.056640625
 91.58648261004038
14:44:30
Solution alpha to step 42 is 
 [[ 85.62581314  15.2433821   43.28142032  22.38741749]
 [ 15.2433821    8.5457386    5.81089503   3.34333266]
 [ 43.28142032   5.81089503  23.65454238  12.1116272 ]
 [ 22.38741749   3.34333266  12.1116272    6.33135558]] 
 1.0712890625
 84.72640761770492
14:44:53
Solution alpha to step 41 is 
 [[ 86.17679803  -1.53975543  38.41833143  20.55557043]
 [ -1.53975543   7.55901981  -2.83770059  -1.06165107]
 [ 38.41833143  -2.83770059  18.40451543   9.7093221 ]
 [ 20.55557043  -1.06165107   9.7093221    5.27226889]] 
 1.091796875
 75.41170940414034
14:45:16
Solution alpha to step 40 is 
 [[ 76.20827566 -18.29163479  30.56454653  17.39070141]
 [-18.29163479  14.8373645   -9.82961631  -4.95826602]
 [ 30.56454653  -9.82961631  13.25374286   7.38113085]
 [ 17.39070141  -4.95826602   7.38113085   4.28161132]] 
 1.1142578125
 65.90875661520215
14:45:40
Solution alpha to step 39 is 
 [[ 55.13380608 -23.50310546  20.62820127  12.99644534]
 [-23.50310546  24.64123621 -11.74715269  -6.49356715]
 [ 20.62820127 -11.74715269   8.6086153    5.22642707]
 [ 12.99644534  -6.49356715   5.22642707   3.36963552]] 
 1.1767578125
 65.50827835402406
14:46:06
Solution alpha to step 38 is 
 [[ 32.79913805 -14.75536418  11.91083835   8.66174878]
 [-14.75536418  26.20515573  -9.00022286  -5.21991005]
 [ 11.91083835  -9.00022286   5.30844742   3.59333078]
 [  8.66174878  -5.21991005   3.59333078   2.66687237]] 
 1.1669921875
 56.98657101929005
14:46:37
Solution alpha to step 37 is 
 [[ 16.63916432  -2.96898041   5.74396327   4.97354899]
 [ -2.96898041  22.9011766   -5.26581984  -2.71697035]
 [  5.74396327  -5.26581984   3.2089578    2.39562644]
 [  4.97354899  -2.71697035   2.39562644   2.06457477]] 
 1.095703125
 37.91465259287826
14:47:02
Solution alpha to step 36 is 
 [[  8.68457493   3.1428943    2.27899314   2.4414737 ]
 [  3.1428943   23.12809916  -3.47951024  -1.20719623]
 [  2.27899314  -3.47951024   2.04758877   1.60113539]
 [  2.4414737   -1.20719623   1.60113539   1.55703507]] 
 1.0205078125
 21.548906824443478
14:47:33
Solution alpha to step 35 is 
 [[  5.81062277   5.36400524   0.61279129   0.98422497]
 [  5.36400524  25.81901244  -3.41971907  -1.03928848]
 [  0.61279129  -3.41971907   1.51696588   1.15041596]
 [  0.98422497  -1.03928848   1.15041596   1.17786928]] 
 1.0654296875
 18.45626565698822
14:47:57
Solution alpha to step 34 is 
 [[  5.48103559   7.22363919  -0.22821204   0.20280956]
 [  7.22363919  30.20957253  -4.31072419  -1.5637369 ]
 [ -0.22821204  -4.31072419   1.54277799   1.05785766]
 [  0.20280956  -1.5637369    1.05785766   1.01086368]] 
 1.087890625
 20.645711736030613
14:48:25
Solution alpha to step 33 is 
 [[  6.22219815   9.3014515   -0.93624395  -0.33044733]
 [  9.3014515   32.12282177  -5.30888881  -2.02822102]
 [ -0.93624395  -5.30888881   2.08672995   1.30857094]
 [ -0.33044733  -2.02822102   1.30857094   1.09916185]] 
 1.060546875
 27.260525065386872
14:48:52
Solution alpha to step 32 is 
 [[  7.39073177  10.689387    -1.89139098  -0.92052341]
 [ 10.689387    29.14950225  -5.94939116  -2.31525427]
 [ -1.89139098  -5.94939116   3.18305153   1.83025624]
 [ -0.92052341  -2.31525427   1.83025624   1.2828533 ]] 
 1.0341796875
 31.757037382806576
14:49:17
Solution alpha to step 31 is 
 [[  8.93575257  11.19400092  -3.31796639  -1.67820924]
 [ 11.19400092  24.0738648   -6.04478546  -2.35635717]
 [ -3.31796639  -6.04478546   5.07439864   2.74785573]
 [ -1.67820924  -2.35635717   2.74785573   1.6583214 ]] 
 1.025390625
 34.56217778245311
14:49:41
Solution alpha to step 30 is 
 [[ 11.06211837  11.10420017  -5.47923154  -2.75992808]
 [ 11.10420017  19.52179652  -5.70094658  -2.24253406]
 [ -5.47923154  -5.70094658   8.01970015   4.17994567]
 [ -2.75992808  -2.24253406   4.17994567   2.2924134 ]] 
 1.0263671875
 35.116887048314574
14:50:10
Solution alpha to step 29 is 
 [[ 14.07941488  10.7372349   -8.56709928  -4.28657364]
 [ 10.7372349   15.88964676  -5.07704015  -2.08882781]
 [ -8.56709928  -5.07704015  11.99144851   6.10827289]
 [ -4.28657364  -2.08882781   6.10827289   3.17626828]] 
 1.0283203125
 30.93142113350093
14:50:39
Solution alpha to step 28 is 
 [[ 18.29895363  10.34452144 -12.04498195  -6.01043914]
 [ 10.34452144  11.02988378  -4.47233068  -2.12704746]
 [-12.04498195  -4.47233068  15.1702175    7.64457035]
 [ -6.01043914  -2.12704746   7.64457035   3.88659299]] 
 1.087890625
 26.692618448082577
14:51:03
Solution alpha to step 27 is 
 [[ 25.10750154  11.19877413 -13.99836229  -6.97735527]
 [ 11.19877413  11.98519767  -4.01073277  -2.06415051]
 [-13.99836229  -4.01073277  13.32360471   6.72597442]
 [ -6.97735527  -2.06415051   6.72597442   3.45202006]] 
 1.013671875
 48.30832961893571
14:51:27
Solution alpha to step 26 is 
 [[ 31.06487942  12.77737182 -12.45625981  -6.22056552]
 [ 12.77737182  12.53557466  -3.33596984  -1.4421997 ]
 [-12.45625981  -3.33596984   8.18371676   4.17687572]
 [ -6.22056552  -1.4421997    4.17687572   2.24211589]] 
 1.0341796875
 73.95793206308389
14:51:49
Solution alpha to step 25 is 
 [[ 37.53694048  15.50313298 -10.06403936  -5.07513637]
 [ 15.50313298  13.48820433  -2.89712881  -1.02959179]
 [-10.06403936  -2.89712881   4.56190804   2.37419517]
 [ -5.07513637  -1.02959179   2.37419517   1.39255365]] 
 1.0302734375
 64.78700590825285
14:52:13
Solution alpha to step 24 is 
 [[ 43.26573252  18.48217122  -7.18925901  -3.71155827]
 [ 18.48217122  14.35039485  -2.24312569  -0.6411847 ]
 [ -7.18925901  -2.24312569   2.32811265   1.24764721]
 [ -3.71155827  -0.6411847    1.24764721   0.85540455]] 
 1.0224609375
 45.746402945181366
14:52:37
Solution alpha to step 23 is 
 [[ 47.50967834  20.99816168  -4.23619954  -2.29978975]
 [ 20.99816168  14.98670906  -1.34233927  -0.20172024]
 [ -4.23619954  -1.34233927   1.11362648   0.61653755]
 [ -2.29978975  -0.20172024   0.61653755   0.54408724]] 
 1.0126953125
 29.801430893222047
14:53:01
Solution alpha to step 22 is 
 [[ 49.76572533  22.51528102  -1.48526903  -0.93888089]
 [ 22.51528102  15.19385172  -0.32467407   0.28064695]
 [ -1.48526903  -0.32467407   0.56742601   0.31409267]
 [ -0.93888089   0.28064695   0.31409267   0.38306705]] 
 1.0029296875
 19.28459836612438
14:53:24
Solution alpha to step 21 is 
 [[ 49.89698445  22.92763163   0.91500235   0.33159   ]
 [ 22.92763163  14.95399741   0.67449001   0.77786773]
 [  0.91500235   0.67449001   0.43343606   0.22415901]
 [  0.33159      0.77786773   0.22415901   0.32352074]] 
 0.9990234375
 13.269725292726246
14:53:55
Solution alpha to step 20 is 
 [[ 48.26357469  22.61613059   2.94562524   1.5146663 ]
 [ 22.61613059  14.56531392   1.60971471   1.28857853]
 [  2.94562524   1.60971471   0.55764062   0.28208072]
 [  1.5146663    1.28857853   0.28208072   0.34365403]] 
 1.017578125
 10.837784513484934
14:54:20
Solution alpha to step 19 is 
 [[ 45.91604057  22.28398415   4.73665365   2.66441542]
 [ 22.28398415  14.52843288   2.56187461   1.86794023]
 [  4.73665365   2.56187461   0.88434155   0.47142953]
 [  2.66441542   1.86794023   0.47142953   0.44793484]] 
 1.0478515625
 10.846437181879477
14:54:45
Solution alpha to step 18 is 
 [[ 42.92282964  21.9229637    6.40456973   3.80992137]
 [ 21.9229637   14.85833089   3.62498526   2.56674392]
 [  6.40456973   3.62498526   1.43154388   0.81228596]
 [  3.80992137   2.56674392   0.81228596   0.65734157]] 
 1.056640625
 11.889649622800437
14:55:09
Solution alpha to step 17 is 
 [[ 37.82289749  20.46200749   7.70459957   4.7481644 ]
 [ 20.46200749  14.78295766   4.67385048   3.28316441]
 [  7.70459957   4.67385048   2.20764688   1.31224245]
 [  4.7481644    3.28316441   1.31224245   0.97719389]] 
 1.0400390625
 12.710854535590864
14:55:34
Solution alpha to step 16 is 
 [[ 29.70095115  16.77994204   8.00975652   4.94233084]
 [ 16.77994204  13.14876567   5.25175368   3.59874349]
 [  8.00975652   5.25175368   3.08433935   1.85647883]
 [  4.94233084   3.59874349   1.85647883   1.29411619]] 
 1.0185546875
 11.412750930609592
14:55:58
Solution alpha to step 15 is 
 [[ 21.49889737  12.89694468   7.44971297   4.68662014]
 [ 12.89694468  11.58318297   5.55708009   3.8742858 ]
 [  7.44971297   5.55708009   3.98661878   2.46064464]
 [  4.68662014   3.8742858    2.46064464   1.70675478]] 
 1.01171875
 12.323794445073426
14:56:23
Solution alpha to step 14 is 
 [[ 14.4423996    8.94491919   6.02384474   3.78250861]
 [  8.94491919   9.63158135   5.36473673   3.75799818]
 [  6.02384474   5.36473673   4.7149967    2.92222401]
 [  3.78250861   3.75799818   2.92222401   2.00379082]] 
 1.0087890625
 12.490810871210174
14:56:54
Solution alpha to step 13 is 
 [[ 9.62917136  5.77217737  4.25384119  2.63130001]
 [ 5.77217737  7.94305159  4.98984328  3.49835351]
 [ 4.25384119  4.98984328  5.35632212  3.30251332]
 [ 2.63130001  3.49835351  3.30251332  2.23293189]] 
 1.0068359375
 12.703805624287961
14:57:26
Solution alpha to step 12 is 
 [[ 6.92200103  3.38831445  2.34069517  1.38639047]
 [ 3.38831445  6.44739117  4.45674416  3.09529441]
 [ 2.34069517  4.45674416  5.9114425   3.58125913]
 [ 1.38639047  3.09529441  3.58125913  2.36159884]] 
 1.0078125
 12.60618719959444
14:57:58
Solution alpha to step 11 is 
 [[ 5.9661636   1.7762595   0.43110633  0.18741416]
 [ 1.7762595   5.23527413  3.87756627  2.65350349]
 [ 0.43110633  3.87756627  6.4818972   3.83339041]
 [ 0.18741416  2.65350349  3.83339041  2.44770367]] 
 1.0068359375
 12.340561763560917
14:58:29
Solution alpha to step 10 is 
 [[ 6.33654945  0.8028019  -1.47446056 -0.94583652]
 [ 0.8028019   4.27470296  3.26235114  2.20089434]
 [-1.47446056  3.26235114  7.1052347   4.09389824]
 [-0.94583652  2.20089434  4.09389824  2.52340452]] 
 1.005859375
 12.04599264666125
14:58:57
Solution alpha to step 9 is 
 [[ 7.74563355  0.3686076  -3.40940008 -2.03216867]
 [ 0.3686076   3.53442267  2.590335    1.73690945]
 [-3.40940008  2.590335    7.78953803  4.3768571 ]
 [-2.03216867  1.73690945  4.3768571   2.60523342]] 
 1.005859375
 11.79960911415989
14:59:25
Solution alpha to step 8 is 
 [[ 10.02730715   0.42303815  -5.40092216  -3.09488397]
 [  0.42303815   3.00128264   1.83313938   1.24977252]
 [ -5.40092216   1.83313938   8.51519043   4.67766785]
 [ -3.09488397   1.24977252   4.67766785   2.69585501]] 
 1.0068359375
 11.593636989778378
14:59:49
Solution alpha to step 7 is 
 [[ 13.08742295   0.95231055  -7.44535193  -4.14255143]
 [  0.95231055   2.6790131    0.96921609   0.72741579]
 [ -7.44535193   0.96921609   9.23078667   4.97294941]
 [ -4.14255143   0.72741579   4.97294941   2.785705  ]] 
 1.0087890625
 11.363129786783174
15:00:09
Solution alpha to step 6 is 
 [[  1.68608102e+01   1.96248308e+00  -9.49210883e+00  -5.15904351e+00]
 [  1.96248308e+00   2.58076916e+00  -4.92791355e-03   1.65045956e-01]
 [ -9.49210883e+00  -4.92791355e-03   9.85043420e+00   5.22096053e+00]
 [ -5.15904351e+00   1.65045956e-01   5.22096053e+00   2.85489936e+00]] 
 1.01171875
 11.002964603684864
15:00:33
Solution alpha to step 5 is 
 [[ 21.27954081   3.46590049 -11.43033476  -6.09737268]
 [  3.46590049   2.7178221   -1.06647843  -0.43022872]
 [-11.43033476  -1.06647843  10.24975836   5.36084867]
 [ -6.09737268  -0.43022872   5.36084867   2.8740662 ]] 
 1.013671875
 10.314612143242934
15:00:56
Solution alpha to step 4 is 
 [[ 26.20737552   5.4601908  -13.05540333  -6.86455413]
 [  5.4601908    3.0892968   -2.15259327  -1.03242614]
 [-13.05540333  -2.15259327  10.25122259   5.30614504]
 [ -6.86455413  -1.03242614   5.30614504   2.80191062]] 
 1.0146484375
 9.21770392358791
15:01:18
Solution alpha to step 3 is 
 [[ 31.45670332   7.88595925 -14.10225558  -7.3420861 ]
 [  7.88595925   3.71345907  -3.13830809  -1.58231504]
 [-14.10225558  -3.13830809   9.69079813   4.9794139 ]
 [ -7.3420861   -1.58231504   4.9794139    2.60347983]] 
 1.013671875
 7.937254810281619
15:02:20
Solution alpha to step 2 is 
 [[ 36.77834686  10.50099948 -14.34444804  -7.43317103]
 [ 10.50099948   4.62497397  -3.82425156  -1.97086847]
 [-14.34444804  -3.82425156   8.55189776   4.37660396]
 [ -7.43317103  -1.97086847   4.37660396   2.28005937]] 
 1.04296875
 8.126369949919031
15:03:02
Solution alpha to step 1 is 
 [[ 43.15894953  13.34943317 -14.20275027  -7.35961808]
 [ 13.34943317   5.83521369  -4.20479132  -2.17958879]
 [-14.20275027  -4.20479132   7.31730586   3.73957289]
 [ -7.35961808  -2.17958879   3.73957289   1.95146305]] 
 1.0927734375
 10.921965161177484
15:03:57
Solution alpha to step 0 is 
 [[ 51.70616529  16.87777479 -14.04241747  -7.29700246]
 [ 16.87777479   7.39636596  -4.44366158  -2.30106212]
 [-14.04241747  -4.44366158   6.32667195   3.23186676]
 [ -7.29700246  -2.30106212   3.23186676   1.69251138]] 
 1.0693359375
 13.014677185113774
15:04:54
