0
0.0048189
0.0096379
0.014457
0.019276
0.036767
0.054259
0.071751
0.089242
0.10132
0.11341
0.12549
0.13757
0.14965
0.16173
0.17382
0.1859
0.19656
0.20723
0.21789
0.22856
0.2424
0.25624
0.27009
0.28393
0.29996
0.31598
0.33201
0.34804
0.36676
0.38549
0.40421
0.42293
0.44511
0.46729
0.48947
0.51165
0.53863
0.56561
0.59259
0.61957
0.65328
0.68699
0.72071
0.75442
0.79847
0.84251
0.88656
0.9306
0.99264
1.0547
1.1167
1.1788
1.2534
1.328
1.4026
1.4772
1.5334
1.5895
1.6457
1.7019
1.758
1.8142
1.8703
1.9265
1.9863
2.046
2.1058
2.1655
2.2255
2.2855
2.3455
2.4055
2.4621
2.5187
2.5753
2.6319
2.6857
2.7396
2.7934
2.8472
2.9022
2.9572
3.0122
3.0672
3.1261
3.1851
3.244
3.303
3.3642
3.4253
3.4865
3.5477
3.6063
3.6649
3.7235
3.7821
3.8366
3.8911
3.9455
4
