0
0.0040547
0.0081094
0.012164
0.016219
0.022021
0.027824
0.033626
0.039429
0.045231
0.051034
0.056836
0.062638
0.072761
0.082883
0.093005
0.10313
0.1152
0.12727
0.13934
0.15141
0.16547
0.17952
0.19358
0.20763
0.22325
0.23887
0.25449
0.2701
0.2875
0.30489
0.32229
0.33968
0.35948
0.37927
0.39907
0.41886
0.44202
0.46518
0.48834
0.5115
0.5394
0.56731
0.59521
0.62312
0.65786
0.6926
0.72734
0.76207
0.80683
0.85159
0.89634
0.9411
0.99927
1.0574
1.1156
1.1738
1.2411
1.3084
1.3757
1.443
1.5052
1.5674
1.6296
1.6918
1.7428
1.7937
1.8447
1.8956
1.9429
1.9902
2.0375
2.0848
2.1395
2.1941
2.2487
2.3034
2.3688
2.4342
2.4997
2.5651
2.6319
2.6988
2.7656
2.8325
2.8886
2.9448
3.0009
3.057
3.1045
3.152
3.1995
3.247
3.2969
3.3469
3.3968
3.4468
3.5076
3.5684
3.6292
3.69
3.7588
3.8277
3.8965
3.9653
3.974
3.9827
3.9913
4
