0
0.00485
0.0097001
0.01455
0.0194
0.037053
0.054707
0.07236
0.090013
0.10185
0.11369
0.12552
0.13736
0.1492
0.16104
0.17287
0.18471
0.19631
0.20791
0.21951
0.23111
0.24554
0.25997
0.2744
0.28883
0.3055
0.32216
0.33883
0.35549
0.37499
0.39448
0.41397
0.43346
0.45675
0.48004
0.50333
0.52663
0.55516
0.5837
0.61224
0.64077
0.67692
0.71306
0.7492
0.78534
0.83374
0.88214
0.93054
0.97894
1.0547
1.1304
1.2061
1.2818
1.3332
1.3846
1.436
1.4874
1.5388
1.5902
1.6417
1.6931
1.7539
1.8147
1.8756
1.9364
2.0014
2.0664
2.1314
2.1964
2.2551
2.3139
2.3726
2.4314
2.4821
2.5328
2.5836
2.6343
2.6845
2.7348
2.785
2.8352
2.893
2.9507
3.0085
3.0662
3.1316
3.197
3.2625
3.3279
3.3911
3.4544
3.5177
3.5809
3.6346
3.6883
3.7421
3.7958
3.8468
3.8979
3.9489
4
