0
0.004859
0.009718
0.014577
0.019436
0.037267
0.055098
0.072929
0.09076
0.10228
0.1138
0.12532
0.13684
0.14836
0.15988
0.17141
0.18293
0.1952
0.20748
0.21976
0.23204
0.24688
0.26171
0.27655
0.29139
0.30851
0.32564
0.34276
0.35989
0.37995
0.40001
0.42008
0.44014
0.46429
0.48844
0.5126
0.53675
0.56655
0.59635
0.62614
0.65594
0.69418
0.73242
0.77065
0.80889
0.86174
0.9146
0.96745
1.0203
1.081
1.1417
1.2024
1.2631
1.3238
1.3845
1.4452
1.5058
1.5654
1.625
1.6846
1.7441
1.7983
1.8524
1.9065
1.9606
2.0124
2.0641
2.1158
2.1675
2.2227
2.2779
2.3331
2.3883
2.4492
2.5101
2.571
2.6319
2.6939
2.756
2.8181
2.8802
2.9373
2.9944
3.0515
3.1086
3.1609
3.2131
3.2654
3.3176
3.3708
3.424
3.4771
3.5303
3.5893
3.6483
3.7074
3.7664
3.8248
3.8832
3.9416
4
