0
0.0048402
0.0096805
0.014521
0.019361
0.03738
0.055399
0.073418
0.091437
0.10254
0.11364
0.12474
0.13584
0.14694
0.15805
0.16915
0.18025
0.19305
0.20585
0.21865
0.23145
0.24656
0.26166
0.27677
0.29188
0.30933
0.32677
0.34422
0.36166
0.38214
0.40262
0.4231
0.44358
0.46839
0.4932
0.51801
0.54282
0.57363
0.60444
0.63525
0.66606
0.70613
0.7462
0.78627
0.82634
0.88432
0.94231
1.0003
1.0583
1.116
1.1737
1.2314
1.2892
1.3469
1.4046
1.4623
1.52
1.5763
1.6326
1.6889
1.7452
1.7994
1.8537
1.908
1.9622
2.0169
2.0716
2.1263
2.181
2.2383
2.2957
2.353
2.4104
2.4698
2.5292
2.5887
2.6481
2.7066
2.7651
2.8236
2.8821
2.9379
2.9937
3.0495
3.1053
3.16
3.2147
3.2694
3.3241
3.3806
3.4371
3.4937
3.5502
3.6096
3.669
3.7284
3.7878
3.8408
3.8939
3.9469
4
