0
0.0047867
0.0095734
0.01436
0.019147
0.037363
0.05558
0.073796
0.092013
0.10296
0.11391
0.12486
0.13581
0.14676
0.1577
0.16865
0.1796
0.19291
0.20622
0.21953
0.23284
0.24825
0.26366
0.27907
0.29448
0.3123
0.33012
0.34794
0.36575
0.38679
0.40782
0.42885
0.44988
0.47549
0.50111
0.52672
0.55233
0.58443
0.61653
0.64864
0.68074
0.72326
0.76578
0.80829
0.85081
0.91928
0.98774
1.0562
1.1247
1.1722
1.2196
1.2671
1.3146
1.3621
1.4096
1.4571
1.5046
1.5619
1.6193
1.6767
1.734
1.797
1.86
1.923
1.9859
2.0452
2.1045
2.1637
2.223
2.2754
2.3278
2.3802
2.4326
2.4835
2.5344
2.5853
2.6362
2.6926
2.749
2.8054
2.8618
2.9249
2.988
3.0511
3.1142
3.1769
3.2396
3.3023
3.3651
3.4205
3.4759
3.5314
3.5868
3.6372
3.6877
3.7382
3.7886
3.8415
3.8943
3.9472
4
