0
0.0046897
0.0093793
0.014069
0.018759
0.037193
0.055627
0.074062
0.092496
0.10399
0.11548
0.12698
0.13847
0.14996
0.16146
0.17295
0.18445
0.19833
0.21222
0.2261
0.23999
0.2559
0.2718
0.2877
0.30361
0.32206
0.34051
0.35896
0.37741
0.3994
0.4214
0.44339
0.46538
0.49237
0.51937
0.54636
0.57335
0.6077
0.64205
0.6764
0.71075
0.75788
0.80501
0.85214
0.89926
0.95417
1.0091
1.064
1.1189
1.1738
1.2287
1.2836
1.3385
1.3943
1.4501
1.506
1.5618
1.6165
1.6712
1.7259
1.7806
1.835
1.8893
1.9437
1.9981
2.0539
2.1098
2.1656
2.2215
2.2794
2.3372
2.3951
2.453
2.5113
2.5697
2.6281
2.6865
2.7435
2.8005
2.8575
2.9146
2.9702
3.0258
3.0815
3.1371
3.1931
3.2491
3.3051
3.361
3.4188
3.4766
3.5344
3.5922
3.6513
3.7103
3.7693
3.8283
3.8712
3.9142
3.9571
4
