0
0.0045383
0.0090766
0.013615
0.018153
0.040845
0.063536
0.086228
0.10892
0.12155
0.13418
0.14681
0.15943
0.17206
0.18469
0.19732
0.20995
0.22501
0.24006
0.25512
0.27018
0.28737
0.30456
0.32175
0.33895
0.35918
0.37942
0.39966
0.4199
0.44453
0.46917
0.4938
0.51844
0.54932
0.58021
0.61109
0.64198
0.683
0.72402
0.76504
0.80606
0.86189
0.91771
0.97354
1.0294
1.0852
1.141
1.1968
1.2527
1.3055
1.3584
1.4113
1.4641
1.5155
1.5669
1.6183
1.6697
1.7236
1.7775
1.8314
1.8853
1.943
2.0008
2.0586
2.1163
2.1754
2.2345
2.2936
2.3527
2.4098
2.4668
2.5238
2.5809
2.6355
2.6901
2.7447
2.7993
2.8542
2.9091
2.964
3.0189
3.0767
3.1345
3.1924
3.2502
3.3102
3.3703
3.4303
3.4904
3.5492
3.608
3.6669
3.7257
3.7813
3.8369
3.8925
3.9481
3.9611
3.974
3.987
4
