0
0.0043191
0.0086383
0.012957
0.017277
0.038872
0.060468
0.082064
0.10366
0.11637
0.12909
0.1418
0.15452
0.16723
0.17995
0.19266
0.20537
0.22052
0.23567
0.25081
0.26596
0.28322
0.30048
0.31774
0.335
0.3554
0.3758
0.39619
0.41659
0.4415
0.46641
0.49132
0.51623
0.54766
0.5791
0.61053
0.64196
0.68431
0.72667
0.76903
0.81138
0.86
0.90862
0.95724
1.0059
1.0545
1.1031
1.1517
1.2003
1.2566
1.3129
1.3692
1.4255
1.4821
1.5387
1.5953
1.6518
1.7056
1.7593
1.813
1.8667
1.9196
1.9725
2.0253
2.0782
2.1337
2.1892
2.2447
2.3001
2.359
2.4179
2.4768
2.5357
2.5951
2.6544
2.7138
2.7732
2.8299
2.8867
2.9434
3.0001
3.0544
3.1088
3.1632
3.2175
3.2727
3.3279
3.3832
3.4384
3.4969
3.5554
3.6138
3.6723
3.7328
3.7932
3.8536
3.9141
3.9356
3.957
3.9785
4
