0
0.0040155
0.0080309
0.012046
0.016062
0.030183
0.044304
0.058425
0.072547
0.082406
0.092266
0.10213
0.11199
0.12185
0.1317
0.14156
0.15142
0.16505
0.17868
0.19231
0.20594
0.2211
0.23626
0.25142
0.26658
0.28407
0.30155
0.31903
0.33651
0.35724
0.37797
0.39871
0.41944
0.44489
0.47035
0.49581
0.52126
0.55367
0.58608
0.61849
0.6509
0.69563
0.74035
0.78507
0.82979
0.88153
0.93327
0.98501
1.0368
1.0885
1.1402
1.192
1.2437
1.2963
1.349
1.4016
1.4542
1.5074
1.5606
1.6139
1.6671
1.7216
1.776
1.8305
1.885
1.941
1.997
2.0529
2.1089
2.1658
2.2227
2.2796
2.3365
2.3933
2.4501
2.507
2.5638
2.6203
2.6767
2.7331
2.7895
2.846
2.9024
2.9589
3.0153
3.0724
3.1295
3.1866
3.2437
3.3015
3.3592
3.417
3.4747
3.5324
3.5901
3.6478
3.7055
3.7625
3.8195
3.8765
3.9336
3.9502
3.9668
3.9834
4
