0
0.0036066
0.0072133
0.01082
0.014427
0.03246
0.050493
0.068526
0.08656
0.10166
0.11676
0.13186
0.14695
0.16002
0.17309
0.18616
0.19922
0.21446
0.2297
0.24493
0.26017
0.27756
0.29495
0.31235
0.32974
0.35045
0.37117
0.39188
0.4126
0.43809
0.46358
0.48907
0.51456
0.54718
0.5798
0.61243
0.64505
0.69073
0.73641
0.78208
0.82776
0.88993
0.9521
1.0143
1.0764
1.1276
1.1787
1.2299
1.2811
1.3253
1.3695
1.4137
1.458
1.5066
1.5552
1.6038
1.6524
1.7094
1.7664
1.8234
1.8804
1.9409
2.0013
2.0618
2.1222
2.1794
2.2366
2.2938
2.351
2.4039
2.4568
2.5097
2.5625
2.6156
2.6686
2.7216
2.7746
2.8322
2.8897
2.9473
3.0049
3.0665
3.1281
3.1897
3.2513
3.3114
3.3715
3.4316
3.4917
3.5466
3.6015
3.6564
3.7113
3.7638
3.8162
3.8687
3.9211
3.9409
3.9606
3.9803
4
