0
0.0041617
0.0083234
0.012485
0.016647
0.025705
0.034764
0.043823
0.052881
0.06194
0.070998
0.080057
0.089116
0.10048
0.11185
0.12321
0.13458
0.14797
0.16136
0.17475
0.18814
0.20296
0.21778
0.2326
0.24742
0.2636
0.27979
0.29598
0.31217
0.33015
0.34814
0.36612
0.3841
0.40464
0.42517
0.44571
0.46624
0.49039
0.51453
0.53868
0.56282
0.5921
0.62138
0.65066
0.67993
0.71667
0.75341
0.79016
0.8269
0.8747
0.9225
0.9703
1.0181
1.0805
1.1428
1.2052
1.2676
1.3376
1.4076
1.4776
1.5476
1.5956
1.6436
1.6915
1.7395
1.7875
1.8355
1.8835
1.9315
1.9918
2.0522
2.1125
2.1729
2.2432
2.3134
2.3837
2.454
2.5039
2.5539
2.6038
2.6537
2.7036
2.7536
2.8035
2.8534
2.9142
2.975
3.0357
3.0965
3.1653
3.2341
3.3029
3.3717
3.4341
3.4966
3.559
3.6215
3.6717
3.722
3.7722
3.8225
3.8669
3.9112
3.9556
4
