0
0.0030674
0.0061349
0.0092023
0.01227
0.027607
0.042944
0.058281
0.073619
0.082512
0.091406
0.1003
0.10919
0.11809
0.12698
0.13588
0.14477
0.159
0.17324
0.18747
0.20171
0.21705
0.23238
0.24772
0.26306
0.28091
0.29876
0.31662
0.33447
0.35587
0.37726
0.39866
0.42006
0.44663
0.4732
0.49976
0.52633
0.56086
0.59538
0.6299
0.66442
0.71574
0.76706
0.81837
0.86969
0.92478
0.97987
1.035
1.09
1.1393
1.1886
1.2379
1.2871
1.3347
1.3823
1.4299
1.4775
1.5294
1.5812
1.6331
1.685
1.7417
1.7984
1.8552
1.9119
1.9698
2.0277
2.0856
2.1435
2.1993
2.2552
2.3111
2.367
2.4212
2.4754
2.5296
2.5838
2.6391
2.6944
2.7497
2.8049
2.863
2.9212
2.9793
3.0374
3.097
3.1566
3.2161
3.2757
3.3337
3.3916
3.4496
3.5075
3.5628
3.6181
3.6734
3.7286
3.7835
3.8383
3.8931
3.9479
3.961
3.974
3.987
4
