0
0.0023671
0.0047342
0.0071012
0.0094683
0.021304
0.033139
0.044975
0.05681
0.069434
0.082057
0.094681
0.1073
0.11993
0.13255
0.14518
0.1578
0.17214
0.18649
0.20083
0.21517
0.23134
0.24751
0.26368
0.27986
0.29881
0.31776
0.33671
0.35566
0.37882
0.40198
0.42514
0.44831
0.47755
0.5068
0.53605
0.5653
0.60481
0.64431
0.68381
0.72331
0.76843
0.81354
0.85866
0.90377
0.94888
0.994
1.0391
1.0842
1.1369
1.1895
1.2421
1.2948
1.3482
1.4017
1.4552
1.5087
1.5611
1.6135
1.6659
1.7184
1.7713
1.8242
1.8772
1.9301
1.9854
2.0407
2.096
2.1513
2.2087
2.2662
2.3236
2.3811
2.4387
2.4964
2.554
2.6116
2.668
2.7243
2.7806
2.837
2.8925
2.948
3.0035
3.059
3.1153
3.1717
3.228
3.2844
3.3425
3.4006
3.4587
3.5168
3.5755
3.6342
3.693
3.7517
3.8138
3.8758
3.9379
4
