0
0.0014688
0.0029376
0.0044065
0.0058753
0.013219
0.020563
0.027908
0.035252
0.049885
0.064518
0.079151
0.093784
0.10842
0.12305
0.13768
0.15232
0.16645
0.18058
0.19471
0.20884
0.22526
0.24168
0.2581
0.27453
0.2938
0.31307
0.33234
0.35161
0.37532
0.39903
0.42274
0.44645
0.47666
0.50687
0.53708
0.56729
0.60903
0.65077
0.69251
0.73425
0.78273
0.8312
0.87968
0.92816
0.97663
1.0251
1.0736
1.1221
1.1721
1.2221
1.2721
1.3222
1.3736
1.4251
1.4766
1.5281
1.5812
1.6344
1.6875
1.7407
1.7954
1.8501
1.9048
1.9595
2.0153
2.071
2.1268
2.1826
2.2388
2.295
2.3512
2.4074
2.4638
2.5201
2.5765
2.6328
2.6894
2.746
2.8025
2.8591
2.9161
2.973
3.03
3.0869
3.1442
3.2015
3.2588
3.3161
3.3734
3.4307
3.4881
3.5454
3.6025
3.6596
3.7168
3.7739
3.8304
3.8869
3.9435
4
