0
0.00032978
0.00065957
0.00098935
0.0013191
0.002968
0.004617
0.0062659
0.0079148
0.016159
0.024404
0.032648
0.040893
0.05755
0.074206
0.090863
0.10752
0.12418
0.14083
0.15749
0.17415
0.18887
0.20359
0.21831
0.23303
0.251
0.26898
0.28696
0.30493
0.32648
0.34803
0.36958
0.39113
0.41828
0.44542
0.47256
0.4997
0.53574
0.57179
0.60783
0.64387
0.69215
0.74043
0.78872
0.837
0.88528
0.93356
0.98184
1.0301
1.0789
1.1276
1.1763
1.2251
1.275
1.3249
1.3748
1.4247
1.4768
1.5289
1.581
1.6331
1.6873
1.7415
1.7957
1.8498
1.9053
1.9607
2.0161
2.0715
2.1273
2.1831
2.2389
2.2947
2.3507
2.4066
2.4626
2.5186
2.5749
2.6313
2.6877
2.744
2.801
2.858
2.915
2.972
3.0293
3.0867
3.1441
3.2015
3.2588
3.316
3.3733
3.4306
3.4875
3.5444
3.6014
3.6583
3.7151
3.772
3.8288
3.8856
3.9142
3.9428
3.9714
4
