0
0.001098
0.0021961
0.0032941
0.0043922
0.0098824
0.015373
0.020863
0.026353
0.041796
0.057239
0.072681
0.088124
0.10357
0.11901
0.13445
0.1499
0.16453
0.17916
0.19379
0.20842
0.22587
0.24333
0.26078
0.27824
0.29919
0.32015
0.34111
0.36206
0.38838
0.4147
0.44102
0.46734
0.50215
0.53696
0.57177
0.60657
0.66435
0.72213
0.77991
0.83769
0.88642
0.93515
0.98388
1.0326
1.0756
1.1186
1.1615
1.2045
1.2515
1.2984
1.3454
1.3924
1.4456
1.4988
1.552
1.6052
1.6609
1.7167
1.7724
1.8282
1.8832
1.9383
1.9934
2.0484
2.1025
2.1566
2.2107
2.2648
2.3198
2.3748
2.4297
2.4847
2.5418
2.5989
2.656
2.7131
2.7716
2.83
2.8885
2.9469
3.0046
3.0623
3.12
3.1777
3.2337
3.2897
3.3457
3.4017
3.4572
3.5128
3.5683
3.6239
3.6809
3.7379
3.7949
3.8519
3.8889
3.926
3.963
4
