0
0.0028648
0.0057296
0.0085945
0.011459
0.025783
0.040108
0.054432
0.068756
0.080794
0.092833
0.10487
0.11691
0.12895
0.14099
0.15303
0.16507
0.18194
0.19882
0.2157
0.23258
0.25185
0.27112
0.2904
0.30967
0.33387
0.35807
0.38228
0.40648
0.43778
0.46908
0.50038
0.53168
0.57742
0.62317
0.66892
0.71466
0.76699
0.81931
0.87164
0.92396
0.971
1.018
1.0651
1.1121
1.1579
1.2038
1.2496
1.2954
1.3453
1.3952
1.4451
1.495
1.5489
1.6028
1.6568
1.7107
1.766
1.8214
1.8767
1.932
1.987
2.042
2.0969
2.1519
2.2067
2.2615
2.3163
2.3711
2.4269
2.4828
2.5386
2.5944
2.6517
2.709
2.7664
2.8237
2.8816
2.9396
2.9975
3.0555
3.1127
3.1699
3.2271
3.2843
3.3405
3.3966
3.4528
3.509
3.5653
3.6215
3.6778
3.734
3.7914
3.8489
3.9063
3.9637
3.9728
3.9819
3.9909
4
