0
0.0050166
0.010033
0.01505
0.020066
0.031261
0.042456
0.053651
0.064846
0.076041
0.087236
0.098431
0.10963
0.12503
0.14044
0.15585
0.17126
0.1884
0.20555
0.22269
0.23984
0.26095
0.28206
0.30317
0.32429
0.3509
0.3775
0.40411
0.43072
0.46655
0.50237
0.5382
0.57403
0.61763
0.66124
0.70484
0.74845
0.79206
0.83566
0.87927
0.92287
0.97159
1.0203
1.069
1.1177
1.1676
1.2175
1.2674
1.3173
1.3678
1.4184
1.4689
1.5194
1.5716
1.6237
1.6759
1.728
1.7823
1.8365
1.8908
1.945
2.0008
2.0565
2.1122
2.168
2.2242
2.2804
2.3366
2.3929
2.449
2.5051
2.5612
2.6174
2.6736
2.7298
2.786
2.8422
2.899
2.9558
3.0126
3.0694
3.1268
3.1843
3.2417
3.2991
3.3567
3.4143
3.4718
3.5294
3.5865
3.6436
3.7007
3.7579
3.8184
3.8789
3.9395
4
