0
0.007584
0.015168
0.022752
0.030336
0.041061
0.051786
0.062511
0.073236
0.08818
0.10313
0.11807
0.13301
0.14946
0.1659
0.18234
0.19879
0.21892
0.23905
0.25917
0.2793
0.30456
0.32981
0.35506
0.38032
0.41394
0.44756
0.48118
0.5148
0.5718
0.6288
0.68579
0.74279
0.7894
0.836
0.88261
0.92921
0.97055
1.0119
1.0532
1.0946
1.1407
1.1868
1.233
1.2791
1.331
1.3828
1.4347
1.4865
1.5405
1.5946
1.6486
1.7026
1.7565
1.8103
1.8642
1.9181
1.972
2.0259
2.0798
2.1338
2.1889
2.2441
2.2993
2.3545
2.4114
2.4683
2.5252
2.5822
2.6398
2.6975
2.7552
2.8128
2.8699
2.9269
2.984
3.041
3.0971
3.1533
3.2094
3.2655
3.3217
3.3779
3.4342
3.4904
3.5477
3.6051
3.6625
3.7198
3.7782
3.8365
3.8948
3.9531
3.9649
3.9766
3.9883
4
