0
0.010565
0.02113
0.031696
0.042261
0.061397
0.080533
0.099669
0.1188
0.13444
0.15008
0.16571
0.18135
0.20254
0.22374
0.24493
0.26613
0.29238
0.31864
0.34489
0.37114
0.40723
0.44331
0.47939
0.51547
0.55818
0.60088
0.64359
0.68629
0.72899
0.7717
0.8144
0.8571
0.90468
0.95226
0.99984
1.0474
1.0963
1.1452
1.1941
1.2429
1.2927
1.3425
1.3923
1.442
1.4936
1.5451
1.5966
1.6481
1.7018
1.7554
1.809
1.8626
1.9178
1.9729
2.0281
2.0833
2.1391
2.195
2.2509
2.3067
2.3627
2.4188
2.4748
2.5308
2.587
2.6433
2.6995
2.7558
2.8125
2.8692
2.9259
2.9827
3.0399
3.0972
3.1544
3.2117
3.2691
3.3265
3.3839
3.4412
3.4984
3.5555
3.6126
3.6697
3.7266
3.7835
3.8403
3.8972
3.9229
3.9486
3.9743
4
