0
0.011746
0.023492
0.035238
0.046984
0.05873
0.070476
0.082222
0.093968
0.11296
0.13195
0.15094
0.16993
0.19198
0.21402
0.23607
0.25811
0.28751
0.31691
0.34631
0.37571
0.4185
0.46129
0.50408
0.54688
0.59646
0.64604
0.69562
0.7452
0.78996
0.83473
0.87949
0.92426
0.96848
1.0127
1.0569
1.1011
1.1492
1.1972
1.2453
1.2934
1.3448
1.3962
1.4477
1.4991
1.5521
1.6051
1.6581
1.7111
1.7648
1.8185
1.8722
1.9259
1.9804
2.0349
2.0895
2.144
2.1997
2.2554
2.3111
2.3669
2.4236
2.4803
2.537
2.5937
2.6507
2.7077
2.7647
2.8217
2.8784
2.9352
2.9919
3.0487
3.1053
3.1618
3.2184
3.2749
3.3318
3.3886
3.4455
3.5023
3.5598
3.6172
3.6747
3.7321
3.7898
3.8475
3.9052
3.963
3.9722
3.9815
3.9907
4
