0
0.0042655
0.0085311
0.012797
0.017062
0.025561
0.034061
0.04256
0.051059
0.059558
0.068057
0.076557
0.085056
0.096241
0.10743
0.11861
0.1298
0.14291
0.15603
0.16914
0.18226
0.19666
0.21105
0.22545
0.23985
0.25527
0.2707
0.28612
0.30154
0.31827
0.335
0.35172
0.36845
0.38709
0.40573
0.42437
0.44301
0.46443
0.48585
0.50726
0.52868
0.55404
0.5794
0.60476
0.63012
0.66113
0.69213
0.72314
0.75414
0.79345
0.83276
0.87207
0.91138
0.96309
1.0148
1.0665
1.1182
1.1854
1.2526
1.3198
1.3869
1.4582
1.5294
1.6007
1.6719
1.7169
1.7618
1.8067
1.8516
1.8965
1.9414
1.9863
2.0312
2.091
2.1508
2.2105
2.2703
2.3435
2.4167
2.4898
2.563
2.6125
2.662
2.7115
2.761
2.8106
2.8601
2.9096
2.9591
3.0205
3.0819
3.1432
3.2046
3.2745
3.3444
3.4143
3.4842
3.5336
3.5831
3.6325
3.682
3.7314
3.7809
3.8304
3.8798
3.9099
3.9399
3.97
4
