0
0.029771
0.059542
0.089313
0.11908
0.14885
0.17863
0.2084
0.23817
0.27717
0.31616
0.35516
0.39416
0.43628
0.4784
0.52053
0.56265
0.60569
0.64874
0.69178
0.73483
0.77929
0.82376
0.86823
0.91269
0.95926
1.0058
1.0524
1.0989
1.1477
1.1964
1.2451
1.2938
1.3444
1.3951
1.4457
1.4964
1.5488
1.6011
1.6535
1.7059
1.7597
1.8136
1.8674
1.9213
1.9764
2.0314
2.0864
2.1415
2.1973
2.2532
2.3091
2.3649
2.4212
2.4776
2.5339
2.5902
2.6468
2.7034
2.7599
2.8165
2.8733
2.9301
2.9869
3.0437
3.1007
3.1577
3.2147
3.2717
3.3289
3.3861
3.4433
3.5004
3.5577
3.6149
3.6721
3.7294
3.7865
3.8437
3.9009
3.9581
3.9686
3.9791
3.9895
4
