0
0.014397
0.028793
0.04319
0.057587
0.072407
0.087227
0.10205
0.11687
0.13603
0.15519
0.17435
0.19351
0.21737
0.24124
0.26511
0.28897
0.31956
0.35014
0.38072
0.41131
0.44963
0.48795
0.52627
0.56459
0.60816
0.65174
0.69531
0.73889
0.78436
0.82982
0.87529
0.92075
0.96742
1.0141
1.0608
1.1074
1.1559
1.2044
1.2529
1.3014
1.352
1.4026
1.4533
1.5039
1.5565
1.6091
1.6616
1.7142
1.7682
1.8223
1.8763
1.9303
1.9854
2.0404
2.0955
2.1505
2.2063
2.2621
2.3179
2.3736
2.4299
2.4862
2.5425
2.5988
2.6555
2.7121
2.7688
2.8255
2.8824
2.9393
2.9962
3.0531
3.1101
3.1671
3.2241
3.2812
3.3382
3.3953
3.4524
3.5095
3.5666
3.6238
3.6809
3.738
3.7953
3.8525
3.9097
3.9669
3.9752
3.9835
3.9917
4
