0
0.0091505
0.018301
0.027452
0.036602
0.049138
0.061673
0.074209
0.086745
0.10203
0.11731
0.1326
0.14788
0.16682
0.18576
0.2047
0.22364
0.24732
0.271
0.29469
0.31837
0.34851
0.37866
0.4088
0.43895
0.47687
0.51479
0.55271
0.59063
0.63435
0.67806
0.72178
0.76549
0.81142
0.85734
0.90327
0.94919
0.99629
1.0434
1.0905
1.1376
1.1864
1.2352
1.284
1.3328
1.3837
1.4347
1.4856
1.5365
1.5894
1.6423
1.6952
1.748
1.8023
1.8566
1.9109
1.9652
2.0205
2.0757
2.1309
2.1861
2.242
2.2978
2.3537
2.4095
2.4658
2.5222
2.5785
2.6348
2.6915
2.7483
2.805
2.8617
2.9187
2.9756
3.0326
3.0896
3.1466
3.2037
3.2608
3.3178
3.3749
3.432
3.4891
3.5462
3.6033
3.6604
3.7175
3.7746
3.8309
3.8873
3.9436
4
