0
0.0068677
0.013735
0.020603
0.027471
0.03858
0.049689
0.060799
0.071908
0.085267
0.098626
0.11199
0.12534
0.14192
0.1585
0.17508
0.19165
0.2121
0.23255
0.25299
0.27344
0.29912
0.3248
0.35048
0.37616
0.40883
0.44151
0.47418
0.50685
0.54721
0.58756
0.62792
0.66828
0.71331
0.75835
0.80338
0.84842
0.89513
0.94185
0.98856
1.0353
1.0832
1.1312
1.1791
1.2271
1.2769
1.3267
1.3764
1.4262
1.4781
1.53
1.582
1.6339
1.6875
1.7412
1.7949
1.8486
1.9034
1.9583
2.0132
2.068
2.1236
2.1792
2.2348
2.2904
2.3464
2.4025
2.4586
2.5146
2.5711
2.6276
2.6841
2.7406
2.7975
2.8544
2.9112
2.9681
3.0252
3.0822
3.1393
3.1964
3.2535
3.3106
3.3677
3.4248
3.4819
3.539
3.596
3.6531
3.7102
3.7673
3.8244
3.8815
3.9111
3.9408
3.9704
4
