0
0.0055708
0.011142
0.016712
0.022283
0.032332
0.042381
0.052429
0.062478
0.074564
0.08665
0.098736
0.11082
0.12591
0.14099
0.15608
0.17116
0.18964
0.20811
0.22659
0.24507
0.26802
0.29096
0.31391
0.33686
0.36584
0.39483
0.42382
0.45281
0.48947
0.52612
0.56278
0.59944
0.64285
0.68626
0.72967
0.77309
0.8195
0.86592
0.91234
0.95875
1.0064
1.054
1.1016
1.1493
1.1984
1.2475
1.2966
1.3457
1.3968
1.4479
1.499
1.5502
1.6033
1.6564
1.7095
1.7626
1.8172
1.8717
1.9263
1.9809
2.0363
2.0917
2.1471
2.2025
2.2584
2.3143
2.3702
2.4261
2.4825
2.5388
2.5951
2.6514
2.7081
2.7649
2.8216
2.8783
2.9354
2.9924
3.0495
3.1065
3.1637
3.2208
3.278
3.3351
3.3922
3.4493
3.5064
3.5635
3.6205
3.6776
3.7346
3.7917
3.8438
3.8958
3.9479
4
