0
0.0047262
0.0094524
0.014179
0.018905
0.028111
0.037318
0.046525
0.055732
0.066866
0.078001
0.089136
0.10027
0.11428
0.12829
0.1423
0.15631
0.17342
0.19054
0.20765
0.22476
0.24583
0.26691
0.28798
0.30905
0.33542
0.3618
0.38817
0.41454
0.44798
0.48142
0.51487
0.54831
0.58948
0.63066
0.67183
0.713
0.75889
0.80477
0.85066
0.89655
0.94413
0.9917
1.0393
1.0869
1.1356
1.1844
1.2331
1.2819
1.3324
1.3829
1.4335
1.484
1.5366
1.5892
1.6418
1.6944
1.7487
1.803
1.8573
1.9116
1.9669
2.0222
2.0775
2.1328
2.1887
2.2445
2.3003
2.3561
2.4123
2.4685
2.5247
2.5808
2.6374
2.694
2.7506
2.8072
2.8642
2.9212
2.9781
3.0351
3.0923
3.1495
3.2067
3.2639
3.3211
3.3782
3.4354
3.4925
3.5496
3.6066
3.6636
3.7206
3.7777
3.8347
3.8918
3.9489
3.9616
3.9744
3.9872
4
