0
0.0041293
0.0082586
0.012388
0.016517
0.025034
0.033551
0.042068
0.050585
0.060965
0.071344
0.081723
0.092102
0.10528
0.11847
0.13165
0.14483
0.16092
0.17702
0.19311
0.2092
0.2289
0.2486
0.26829
0.28799
0.31242
0.33684
0.36127
0.3857
0.41654
0.44737
0.47821
0.50905
0.54775
0.58644
0.62514
0.66384
0.70883
0.75383
0.79883
0.84382
0.8914
0.93898
0.98655
1.0341
1.0828
1.1315
1.1802
1.2289
1.279
1.3292
1.3793
1.4295
1.4817
1.5338
1.586
1.6382
1.6922
1.7462
1.8003
1.8543
1.9096
1.9648
2.02
2.0753
2.1311
2.1869
2.2427
2.2985
2.3546
2.4107
2.4668
2.5229
2.5794
2.6358
2.6923
2.7487
2.8056
2.8625
2.9194
2.9763
3.0336
3.0908
3.148
3.2052
3.2625
3.3197
3.3769
3.4341
3.4912
3.5482
3.6053
3.6623
3.7193
3.7763
3.8333
3.8902
3.9177
3.9451
3.9726
4
