0
0.0036845
0.007369
0.011054
0.014738
0.022681
0.030624
0.038566
0.046509
0.056268
0.066027
0.075786
0.085546
0.098062
0.11058
0.12309
0.13561
0.15091
0.16621
0.18151
0.19681
0.21545
0.23408
0.25272
0.27136
0.29429
0.31722
0.34015
0.36308
0.39182
0.42057
0.44931
0.47805
0.51435
0.55066
0.58696
0.62326
0.66697
0.71068
0.75439
0.79809
0.8456
0.8931
0.9406
0.98811
1.0369
1.0857
1.1346
1.1834
1.2334
1.2834
1.3334
1.3834
1.4352
1.4871
1.5389
1.5907
1.6445
1.6983
1.7521
1.8059
1.8611
1.9163
1.9715
2.0267
2.0825
2.1384
2.1942
2.2501
2.3062
2.3622
2.4183
2.4744
2.5307
2.5871
2.6434
2.6997
2.7565
2.8133
2.8701
2.9269
2.9841
3.0413
3.0986
3.1558
3.2131
3.2704
3.3278
3.3851
3.4422
3.4993
3.5564
3.6136
3.6705
3.7274
3.7843
3.8413
3.8809
3.9206
3.9603
4
