0
0.0033409
0.0066819
0.010023
0.013364
0.020824
0.028284
0.035745
0.043205
0.052447
0.061689
0.07093
0.080172
0.092142
0.10411
0.11608
0.12805
0.14271
0.15738
0.17204
0.1867
0.2045
0.2223
0.2401
0.2579
0.27964
0.30139
0.32313
0.34488
0.37192
0.39896
0.42601
0.45305
0.48719
0.52133
0.55546
0.5896
0.6317
0.6738
0.7159
0.758
0.80527
0.85254
0.89981
0.94709
0.99618
1.0453
1.0944
1.1435
1.1935
1.2436
1.2936
1.3437
1.3953
1.4469
1.4985
1.5501
1.6036
1.6572
1.7108
1.7643
1.8195
1.8746
1.9298
1.985
2.0409
2.0969
2.1528
2.2088
2.2649
2.321
2.3771
2.4333
2.4895
2.5458
2.602
2.6583
2.7149
2.7716
2.8283
2.8849
2.9421
2.9993
3.0565
3.1137
3.1711
3.2285
3.2859
3.3434
3.4006
3.4578
3.515
3.5723
3.6292
3.6861
3.743
3.7999
3.8499
3.8999
3.95
4
