0
0.0030688
0.0061376
0.0092064
0.012275
0.019329
0.026383
0.033437
0.040491
0.049297
0.058103
0.066909
0.075716
0.087231
0.098746
0.11026
0.12178
0.13592
0.15007
0.16421
0.17836
0.19548
0.2126
0.22973
0.24685
0.26763
0.28841
0.3092
0.32998
0.35563
0.38127
0.40692
0.43256
0.4648
0.49704
0.52928
0.56152
0.60183
0.64215
0.68246
0.72278
0.76958
0.81638
0.86318
0.90998
0.9594
1.0088
1.0582
1.1077
1.158
1.2083
1.2586
1.3089
1.3604
1.4119
1.4634
1.5149
1.5683
1.6217
1.675
1.7284
1.7835
1.8386
1.8937
1.9489
2.0049
2.061
2.1171
2.1732
2.2294
2.2857
2.3419
2.3982
2.4544
2.5106
2.5668
2.623
2.6795
2.736
2.7926
2.8491
2.9062
2.9633
3.0204
3.0775
3.135
3.1925
3.25
3.3076
3.3649
3.4223
3.4797
3.537
3.594
3.6509
3.7079
3.7648
3.8236
3.8824
3.9412
4
