0
0.0043656
0.0087312
0.013097
0.017462
0.026191
0.03492
0.043648
0.052377
0.061106
0.069834
0.078563
0.087291
0.098579
0.10987
0.12115
0.13244
0.14555
0.15866
0.17176
0.18487
0.199
0.21312
0.22725
0.24138
0.25615
0.27093
0.2857
0.30048
0.31602
0.33156
0.34711
0.36265
0.37939
0.39614
0.41289
0.42964
0.44825
0.46686
0.48547
0.50408
0.52542
0.54676
0.5681
0.58944
0.61468
0.63992
0.66516
0.6904
0.72121
0.75203
0.78285
0.81367
0.8527
0.89173
0.93076
0.9698
1.0212
1.0726
1.124
1.1754
1.243
1.3105
1.3781
1.4456
1.5038
1.5619
1.6201
1.6783
1.7365
1.7946
1.8528
1.911
1.9704
2.0298
2.0892
2.1486
2.2067
2.2648
2.3229
2.3809
2.4366
2.4923
2.548
2.6038
2.6589
2.7141
2.7692
2.8244
2.8815
2.9387
2.9958
3.053
3.1124
3.1719
3.2314
3.2909
3.3502
3.4094
3.4687
3.528
3.5845
3.6411
3.6977
3.7543
3.809
3.8636
3.9183
3.973
3.9797
3.9865
3.9932
4
