0
0.0028495
0.0056991
0.0085486
0.011398
0.01811
0.024821
0.031533
0.038244
0.046683
0.055122
0.063561
0.072001
0.083137
0.094273
0.10541
0.11655
0.13027
0.14398
0.1577
0.17142
0.18799
0.20456
0.22113
0.2377
0.2577
0.27769
0.29768
0.31767
0.34215
0.36663
0.39112
0.4156
0.44619
0.47678
0.50736
0.53795
0.57644
0.61493
0.65342
0.69191
0.73794
0.78398
0.83001
0.87604
0.92577
0.9755
1.0252
1.075
1.1257
1.1765
1.2273
1.278
1.3296
1.3812
1.4328
1.4844
1.5376
1.5908
1.644
1.6972
1.7522
1.8073
1.8623
1.9173
1.9736
2.0298
2.086
2.1422
2.1987
2.2551
2.3115
2.368
2.4242
2.4805
2.5367
2.593
2.6493
2.7057
2.7621
2.8184
2.8754
2.9324
2.9893
3.0463
3.1039
3.1614
3.219
3.2766
3.3341
3.3917
3.4493
3.5068
3.5639
3.6209
3.678
3.735
3.7917
3.8484
3.9051
3.9617
3.9713
3.9809
3.9904
4
