0
0.0029197
0.0058395
0.0087592
0.011679
0.017571
0.023463
0.029355
0.035248
0.043447
0.051646
0.059845
0.068044
0.07876
0.089476
0.10019
0.11091
0.12421
0.13752
0.15082
0.16413
0.18016
0.19619
0.21223
0.22826
0.24749
0.26672
0.28595
0.30518
0.32855
0.35191
0.37527
0.39863
0.42761
0.45658
0.48555
0.51452
0.551
0.58748
0.62396
0.66045
0.7052
0.74996
0.79471
0.83947
0.88935
0.93923
0.98912
1.039
1.0904
1.1418
1.1932
1.2445
1.2964
1.3482
1.4001
1.452
1.505
1.558
1.611
1.6641
1.7189
1.7738
1.8287
1.8835
1.9398
1.9962
2.0525
2.1088
2.1655
2.2223
2.279
2.3357
2.3921
2.4485
2.5049
2.5613
2.6175
2.6737
2.7299
2.7861
2.8429
2.8996
2.9563
3.0131
3.0706
3.1281
3.1857
3.2432
3.301
3.3588
3.4166
3.4744
3.5317
3.5889
3.6462
3.7035
3.7601
3.8167
3.8733
3.93
3.9475
3.965
3.9825
4
