0
0.0030492
0.0060985
0.0091477
0.012197
0.018476
0.024756
0.031035
0.037315
0.045393
0.053472
0.061551
0.069629
0.080379
0.091128
0.10188
0.11263
0.12591
0.13919
0.15246
0.16574
0.18169
0.19764
0.21358
0.22953
0.24855
0.26758
0.2866
0.30563
0.32861
0.35159
0.37458
0.39756
0.42591
0.45426
0.48262
0.51097
0.54661
0.58226
0.6179
0.65355
0.69777
0.742
0.78623
0.83045
0.88077
0.9311
0.98142
1.0317
1.084
1.1362
1.1884
1.2407
1.2931
1.3455
1.3979
1.4503
1.5034
1.5565
1.6097
1.6628
1.7177
1.7725
1.8274
1.8822
1.9388
1.9953
2.0518
2.1083
2.1654
2.2225
2.2795
2.3366
2.3932
2.4497
2.5063
2.5629
2.619
2.6751
2.7312
2.7874
2.8439
2.9004
2.9569
3.0134
3.0709
3.1284
3.186
3.2435
3.3015
3.3595
3.4176
3.4756
3.5331
3.5906
3.6481
3.7056
3.7622
3.8188
3.8754
3.9319
3.949
3.966
3.983
4
