0
0.0031761
0.0063523
0.0095284
0.012705
0.017529
0.022353
0.027178
0.032002
0.039836
0.04767
0.055504
0.063338
0.073455
0.083573
0.09369
0.10381
0.11653
0.12925
0.14196
0.15468
0.16994
0.1852
0.20046
0.21572
0.23382
0.25192
0.27001
0.28811
0.30976
0.33141
0.35306
0.37471
0.40113
0.42755
0.45397
0.48039
0.51337
0.54636
0.57934
0.61233
0.65383
0.69533
0.73683
0.77832
0.82779
0.87725
0.92672
0.97618
1.0292
1.0821
1.1351
1.1881
1.2413
1.2945
1.3477
1.4009
1.454
1.5071
1.5602
1.6133
1.6676
1.7219
1.7762
1.8306
1.8868
1.9431
1.9993
2.0556
2.113
2.1705
2.2279
2.2853
2.3425
2.3996
2.4567
2.5138
2.57
2.6262
2.6823
2.7385
2.7946
2.8506
2.9067
2.9627
3.0198
3.0768
3.1339
3.1909
3.2491
3.3073
3.3654
3.4236
3.4817
3.5398
3.5979
3.656
3.7129
3.7699
3.8268
3.8837
3.9128
3.9419
3.9709
4
