0
0.0033006
0.0066011
0.0099017
0.013202
0.017741
0.02228
0.026819
0.031358
0.039067
0.046777
0.054486
0.062195
0.072133
0.082071
0.092009
0.10195
0.11449
0.12703
0.13957
0.15211
0.16711
0.18211
0.19711
0.21212
0.22981
0.24749
0.26518
0.28287
0.30387
0.32487
0.34587
0.36687
0.3923
0.41773
0.44316
0.46859
0.50013
0.53167
0.56322
0.59476
0.63456
0.67436
0.71415
0.75395
0.8027
0.85145
0.90019
0.94894
1.0027
1.0565
1.1103
1.1641
1.2184
1.2727
1.3271
1.3814
1.4348
1.4883
1.5418
1.5952
1.6492
1.7031
1.757
1.811
1.8669
1.9229
1.9788
2.0348
2.0925
2.1503
2.2081
2.2658
2.3236
2.3814
2.4391
2.4969
2.5534
2.6098
2.6662
2.7227
2.7783
2.8339
2.8896
2.9452
3.0017
3.0582
3.1147
3.1712
3.2293
3.2875
3.3456
3.4038
3.4625
3.5212
3.5799
3.6387
3.6961
3.7536
3.811
3.8684
3.9013
3.9342
3.9671
4
