0
0.0034227
0.0068454
0.010268
0.013691
0.018104
0.022517
0.02693
0.031343
0.038907
0.046472
0.054037
0.061601
0.071396
0.081191
0.090986
0.10078
0.11317
0.12555
0.13794
0.15032
0.16509
0.17987
0.19464
0.20942
0.22672
0.24403
0.26134
0.27864
0.29903
0.31941
0.33979
0.36018
0.38466
0.40914
0.43362
0.4581
0.48824
0.51838
0.54852
0.57866
0.61664
0.65461
0.69259
0.73056
0.77807
0.82557
0.87308
0.92058
0.97501
1.0294
1.0839
1.1383
1.194
1.2498
1.3056
1.3614
1.4155
1.4697
1.5239
1.578
1.6315
1.685
1.7385
1.7921
1.8474
1.9027
1.958
2.0133
2.0712
2.1291
2.187
2.2449
2.3036
2.3622
2.4209
2.4796
2.5367
2.5937
2.6508
2.7078
2.7631
2.8184
2.8737
2.9289
2.9845
3.0401
3.0957
3.1513
3.2091
3.2669
3.3247
3.3825
3.442
3.5014
3.5608
3.6202
3.6786
3.737
3.7954
3.8538
3.8903
3.9269
3.9634
4
