0
0.0035426
0.0070851
0.010628
0.01417
0.021987
0.029804
0.03762
0.045437
0.053253
0.06107
0.068887
0.076703
0.087707
0.098711
0.10972
0.12072
0.134
0.14728
0.16055
0.17383
0.18945
0.20506
0.22067
0.23629
0.25442
0.27256
0.2907
0.30884
0.33018
0.35153
0.37288
0.39423
0.41992
0.44562
0.47131
0.497
0.52877
0.56054
0.5923
0.62407
0.66426
0.70446
0.74466
0.78485
0.83506
0.88527
0.93548
0.98569
1.0424
1.0991
1.1558
1.2125
1.2693
1.3262
1.3831
1.44
1.4941
1.5482
1.6024
1.6565
1.7097
1.763
1.8162
1.8694
1.9251
1.9807
2.0364
2.092
2.151
2.2099
2.2688
2.3277
2.3872
2.4466
2.5061
2.5656
2.6224
2.6792
2.736
2.7929
2.8473
2.9017
2.9561
3.0106
3.0658
3.121
3.1762
3.2314
3.2898
3.3482
3.4067
3.4651
3.5255
3.5859
3.6464
3.7068
3.7653
3.8239
3.8825
3.941
3.9558
3.9705
3.9853
4
