0
0.0036603
0.0073205
0.010981
0.014641
0.02381
0.032979
0.042148
0.051317
0.060486
0.069655
0.078824
0.087992
0.099425
0.11086
0.12229
0.13372
0.14753
0.16135
0.17516
0.18897
0.20496
0.22094
0.23693
0.25291
0.27137
0.28982
0.30827
0.32672
0.34837
0.37001
0.39165
0.4133
0.43931
0.46532
0.49133
0.51734
0.54949
0.58163
0.61378
0.64593
0.6867
0.72748
0.76825
0.80903
0.86041
0.91179
0.96317
1.0145
1.0731
1.1317
1.1902
1.2488
1.307
1.3653
1.4236
1.4819
1.5361
1.5903
1.6445
1.6987
1.7511
1.8036
1.856
1.9085
1.9638
2.0191
2.0745
2.1298
2.1896
2.2494
2.3092
2.369
2.4297
2.4904
2.5511
2.6119
2.6689
2.7259
2.7829
2.8399
2.8934
2.9468
3.0002
3.0536
3.1078
3.162
3.2162
3.2704
3.3291
3.3877
3.4464
3.505
3.5668
3.6286
3.6904
3.7522
3.8141
3.8761
3.938
4
