0
0.0037758
0.0075516
0.011327
0.015103
0.020759
0.026414
0.03207
0.037725
0.043381
0.049036
0.054692
0.060347
0.070444
0.08054
0.090637
0.10073
0.11281
0.12488
0.13695
0.14902
0.16336
0.1777
0.19204
0.20638
0.22276
0.23914
0.25552
0.27189
0.29069
0.30948
0.32827
0.34706
0.36906
0.39105
0.41304
0.43503
0.46144
0.48785
0.51426
0.54067
0.57333
0.606
0.63866
0.67133
0.71289
0.75445
0.79601
0.83758
0.8904
0.94322
0.99605
1.0489
1.1096
1.1702
1.2309
1.2916
1.3513
1.411
1.4707
1.5304
1.5843
1.6382
1.6921
1.746
1.7973
1.8486
1.9
1.9513
2.0062
2.0612
2.1161
2.1711
2.232
2.293
2.3539
2.4149
2.4771
2.5394
2.6017
2.664
2.7211
2.7783
2.8354
2.8925
2.9446
2.9967
3.0488
3.1009
3.1538
3.2068
3.2598
3.3128
3.3718
3.4308
3.4898
3.5488
3.6123
3.6759
3.7394
3.8029
3.8522
3.9015
3.9507
4
