0
0.0038891
0.0077783
0.011667
0.015557
0.035002
0.054448
0.073894
0.09334
0.10917
0.125
0.14082
0.15665
0.17037
0.18409
0.1978
0.21152
0.22783
0.24413
0.26043
0.27674
0.2951
0.31347
0.33184
0.35021
0.37154
0.39288
0.41421
0.43555
0.46096
0.48636
0.51177
0.53718
0.56836
0.59954
0.63073
0.66191
0.70142
0.74092
0.78043
0.81993
0.87091
0.92188
0.97285
1.0238
1.0855
1.1472
1.2089
1.2706
1.3334
1.3962
1.459
1.5217
1.5771
1.6325
1.6879
1.7433
1.7932
1.8431
1.893
1.9429
1.9954
2.0478
2.1003
2.1528
2.2131
2.2735
2.3339
2.3943
2.4591
2.5239
2.5887
2.6536
2.7132
2.7729
2.8325
2.8922
2.9438
2.9955
3.0472
3.0988
3.1491
3.1993
3.2496
3.2998
3.3567
3.4136
3.4705
3.5274
3.5922
3.6569
3.7217
3.7865
3.8398
3.8932
3.9466
4
