0
0.0044611
0.0089222
0.013383
0.017844
0.026806
0.035767
0.044729
0.05369
0.062651
0.071613
0.080574
0.089536
0.10094
0.11234
0.12374
0.13515
0.14822
0.1613
0.17438
0.18746
0.20125
0.21505
0.22884
0.24264
0.25659
0.27053
0.28448
0.29843
0.3123
0.32616
0.34003
0.35389
0.36748
0.38106
0.39465
0.40823
0.42114
0.43404
0.44694
0.45985
0.4707
0.48155
0.4924
0.50325
0.51714
0.53102
0.54491
0.55879
0.575
0.5912
0.60741
0.62361
0.64259
0.66157
0.68055
0.69953
0.72202
0.7445
0.76699
0.78948
0.81678
0.84409
0.87139
0.89869
0.93267
0.96665
1.0006
1.0346
1.0785
1.1223
1.1662
1.2101
1.2686
1.3271
1.3856
1.4441
1.5172
1.5903
1.6634
1.7365
1.7891
1.8416
1.8942
1.9468
1.9994
2.0519
2.1045
2.1571
2.2205
2.2838
2.3472
2.4105
2.4812
2.552
2.6227
2.6935
2.7575
2.8215
2.8855
2.9495
3.0019
3.0543
3.1067
3.1591
3.2085
3.2579
3.3073
3.3567
3.4143
3.4719
3.5295
3.5872
3.6562
3.7253
3.7943
3.8634
3.8975
3.9317
3.9658
4
