0
0.0040001
0.0080003
0.012
0.016001
0.021917
0.027834
0.03375
0.039667
0.045583
0.051499
0.057416
0.063332
0.073505
0.083677
0.09385
0.10402
0.11617
0.12831
0.14045
0.15259
0.16677
0.18094
0.19511
0.20928
0.22511
0.24095
0.25679
0.27262
0.29039
0.30816
0.32593
0.3437
0.36408
0.38445
0.40482
0.42519
0.44919
0.47319
0.49719
0.52119
0.55032
0.57944
0.60857
0.63769
0.67422
0.71074
0.74727
0.78379
0.83104
0.87829
0.92554
0.97279
1.0331
1.0934
1.1537
1.214
1.2801
1.3462
1.4123
1.4785
1.5376
1.5968
1.6559
1.7151
1.7649
1.8148
1.8646
1.9144
1.9635
2.0125
2.0615
2.1105
2.1679
2.2252
2.2825
2.3399
2.406
2.4721
2.5382
2.6044
2.6685
2.7326
2.7967
2.8609
2.9145
2.9681
3.0218
3.0754
3.1233
3.1712
3.219
3.2669
3.3196
3.3723
3.425
3.4777
3.5409
3.6041
3.6674
3.7306
3.7979
3.8653
3.9326
4
