0
0.0041086
0.0082171
0.012326
0.016434
0.026281
0.036128
0.045975
0.055821
0.065668
0.075515
0.085362
0.095209
0.10684
0.11848
0.13012
0.14175
0.15547
0.16918
0.18289
0.1966
0.21179
0.22698
0.24217
0.25736
0.27412
0.29087
0.30763
0.32439
0.34324
0.36209
0.38094
0.39979
0.42159
0.44338
0.46518
0.48698
0.51293
0.53888
0.56484
0.59079
0.62268
0.65458
0.68647
0.71837
0.75897
0.79957
0.84017
0.88078
0.93396
0.98714
1.0403
1.0935
1.1598
1.2261
1.2924
1.3587
1.4256
1.4924
1.5593
1.6261
1.6809
1.7358
1.7906
1.8454
1.8919
1.9383
1.9848
2.0312
2.0814
2.1315
2.1817
2.2318
2.2936
2.3554
2.4172
2.479
2.5482
2.6175
2.6867
2.7559
2.8174
2.8789
2.9405
3.002
3.0513
3.1005
3.1498
3.1991
3.2457
3.2924
3.3391
3.3858
3.4416
3.4973
3.5531
3.6089
3.6764
3.744
3.8115
3.8791
3.9093
3.9396
3.9698
4
