0
0.0042141
0.0084281
0.012642
0.016856
0.025429
0.034001
0.042574
0.051147
0.059719
0.068292
0.076864
0.085437
0.096639
0.10784
0.11904
0.13025
0.14343
0.1566
0.16978
0.18296
0.19752
0.21208
0.22663
0.24119
0.25694
0.27269
0.28844
0.30419
0.32147
0.33876
0.35604
0.37333
0.39282
0.41232
0.43181
0.4513
0.47396
0.49661
0.51926
0.54191
0.56904
0.59617
0.6233
0.65043
0.68402
0.7176
0.75119
0.78477
0.82793
0.87108
0.91423
0.95738
1.0144
1.0714
1.1284
1.1855
1.2556
1.3257
1.3958
1.4659
1.5177
1.5695
1.6213
1.673
1.7248
1.7766
1.8284
1.8802
1.9408
2.0015
2.0621
2.1228
2.189
2.2553
2.3215
2.3878
2.4484
2.509
2.5697
2.6303
2.6814
2.7326
2.7837
2.8349
2.8838
2.9328
2.9817
3.0307
3.0869
3.1431
3.1993
3.2556
3.3212
3.3867
3.4523
3.5179
3.5833
3.6486
3.7139
3.7793
3.8345
3.8896
3.9448
4
