0
0.0043161
0.0086322
0.012948
0.017264
0.025879
0.034493
0.043108
0.051722
0.060337
0.068951
0.077566
0.08618
0.097415
0.10865
0.11989
0.13112
0.14423
0.15735
0.17046
0.18357
0.19784
0.21211
0.22638
0.24065
0.25577
0.27088
0.286
0.30112
0.31729
0.33347
0.34964
0.36582
0.38359
0.40137
0.41915
0.43692
0.45707
0.47722
0.49737
0.51752
0.54106
0.56461
0.58816
0.61171
0.64011
0.6685
0.69689
0.72528
0.76071
0.79614
0.83157
0.86699
0.91296
0.95893
1.0049
1.0509
1.112
1.1731
1.2342
1.2953
1.3682
1.4412
1.5141
1.5871
1.6355
1.684
1.7325
1.781
1.8294
1.8779
1.9264
1.9749
2.036
2.0972
2.1584
2.2196
2.2904
2.3613
2.4322
2.503
2.5523
2.6015
2.6508
2.7001
2.7493
2.7986
2.8478
2.8971
2.958
3.0188
3.0797
3.1406
3.2103
3.2801
3.3498
3.4195
3.4694
3.5193
3.5692
3.619
3.6689
3.7188
3.7687
3.8186
3.8639
3.9093
3.9546
4
