0
0.004414
0.008828
0.013242
0.017656
0.0265
0.035344
0.044188
0.053033
0.061877
0.070721
0.079565
0.088409
0.099753
0.1111
0.12244
0.13378
0.14688
0.15998
0.17307
0.18617
0.20014
0.21411
0.22808
0.24205
0.25644
0.27083
0.28522
0.2996
0.3144
0.32919
0.34399
0.35878
0.37423
0.38968
0.40513
0.42057
0.43713
0.45368
0.47024
0.48679
0.5051
0.5234
0.5417
0.56001
0.5809
0.60179
0.62269
0.64358
0.66818
0.69278
0.71737
0.74197
0.77186
0.80175
0.83164
0.86153
0.89918
0.93683
0.97448
1.0121
1.0615
1.1108
1.1602
1.2095
1.275
1.3404
1.4059
1.4714
1.5453
1.6192
1.693
1.7669
1.8123
1.8578
1.9032
1.9486
1.994
2.0394
2.0848
2.1302
2.1908
2.2514
2.3119
2.3725
2.4461
2.5198
2.5935
2.6671
2.716
2.7648
2.8137
2.8625
2.9114
2.9602
3.0091
3.0579
3.121
3.184
3.247
3.31
3.385
3.4599
3.5349
3.6099
3.6613
3.7127
3.7641
3.8156
3.8617
3.9078
3.9539
4
