0
0.0045068
0.0090136
0.01352
0.018027
0.027888
0.037749
0.04761
0.057471
0.067332
0.077193
0.087054
0.096915
0.10858
0.12023
0.13189
0.14355
0.15675
0.16995
0.18314
0.19634
0.20994
0.22355
0.23716
0.25077
0.26413
0.27749
0.29085
0.30422
0.31661
0.329
0.34139
0.35378
0.36579
0.37781
0.38982
0.40183
0.41675
0.43168
0.4466
0.46152
0.47886
0.4962
0.51355
0.53089
0.55126
0.57163
0.59199
0.61236
0.63678
0.6612
0.68562
0.71003
0.73995
0.76986
0.79977
0.82969
0.86748
0.90528
0.94308
0.98088
1.0305
1.0802
1.1298
1.1794
1.2454
1.3114
1.3773
1.4433
1.5175
1.5917
1.666
1.7402
1.7851
1.83
1.875
1.9199
1.9648
2.0098
2.0547
2.0997
2.1601
2.2206
2.2811
2.3416
2.4158
2.4899
2.5641
2.6383
2.687
2.7356
2.7843
2.833
2.8816
2.9303
2.9789
3.0276
3.0892
3.1507
3.2123
3.2739
3.3451
3.4162
3.4874
3.5586
3.6221
3.6857
3.7492
3.8128
3.8596
3.9064
3.9532
4
