0
0.0045932
0.0091865
0.01378
0.018373
0.034633
0.050893
0.067153
0.083413
0.096014
0.10861
0.12122
0.13382
0.14642
0.15902
0.17162
0.18422
0.1974
0.21057
0.22375
0.23692
0.2492
0.26149
0.27377
0.28605
0.29823
0.31041
0.32259
0.33477
0.3498
0.36484
0.37987
0.3949
0.41238
0.42985
0.44732
0.46479
0.48532
0.50584
0.52637
0.54689
0.57154
0.59618
0.62083
0.64547
0.67571
0.70594
0.73618
0.76641
0.80471
0.84301
0.88131
0.91961
0.9701
1.0206
1.0711
1.1216
1.1889
1.2563
1.3237
1.3911
1.4512
1.5112
1.5713
1.6313
1.6914
1.7514
1.8115
1.8716
1.9306
1.9897
2.0488
2.1079
2.1637
2.2196
2.2755
2.3314
2.3857
2.44
2.4943
2.5486
2.6048
2.661
2.7173
2.7735
2.8332
2.8929
2.9526
3.0123
3.0727
3.1331
3.1936
3.254
3.3113
3.3686
3.4259
3.4833
3.5373
3.5914
3.6455
3.6995
3.7541
3.8087
3.8632
3.9178
3.9383
3.9589
3.9794
4
