0
0.0046718
0.0093436
0.014015
0.018687
0.036608
0.054529
0.072449
0.09037
0.10289
0.11541
0.12793
0.14045
0.15297
0.16549
0.17801
0.19053
0.20308
0.21562
0.22817
0.24071
0.25206
0.2634
0.27474
0.28609
0.3005
0.31491
0.32932
0.34373
0.36045
0.37718
0.3939
0.41063
0.43023
0.44984
0.46944
0.48905
0.51242
0.53578
0.55915
0.58251
0.61102
0.63953
0.66804
0.69655
0.73234
0.76812
0.80391
0.8397
0.8865
0.93329
0.98008
1.0269
1.0904
1.1539
1.2173
1.2808
1.3596
1.4384
1.5171
1.5959
1.6419
1.6879
1.7339
1.7799
1.8259
1.8718
1.9178
1.9638
2.0258
2.0878
2.1497
2.2117
2.2868
2.3618
2.4369
2.512
2.5594
2.6069
2.6543
2.7018
2.7492
2.7967
2.8441
2.8916
2.9531
3.0147
3.0762
3.1378
3.2104
3.283
3.3557
3.4283
3.4767
3.5251
3.5735
3.6219
3.6703
3.7187
3.7671
3.8155
3.8616
3.9078
3.9539
4
