0
0.0047404
0.0094808
0.014221
0.018962
0.036258
0.053555
0.070852
0.088148
0.10051
0.11287
0.12523
0.13759
0.14996
0.16232
0.17468
0.18704
0.19899
0.21094
0.22289
0.23484
0.24741
0.25997
0.27254
0.2851
0.30036
0.31561
0.33087
0.34612
0.36384
0.38156
0.39928
0.417
0.43783
0.45866
0.47949
0.50032
0.52543
0.55054
0.57565
0.60076
0.63169
0.66263
0.69356
0.72449
0.76398
0.80347
0.84296
0.88244
0.93531
0.98818
1.0411
1.0939
1.1678
1.2417
1.3156
1.3895
1.4512
1.513
1.5748
1.6366
1.6984
1.7602
1.8219
1.8837
1.944
2.0043
2.0647
2.125
2.1802
2.2354
2.2906
2.3458
2.3984
2.451
2.5036
2.5562
2.6117
2.6672
2.7227
2.7782
2.8392
2.9001
2.9611
3.022
3.0845
3.1469
3.2093
3.2718
3.3293
3.3868
3.4444
3.5019
3.5543
3.6066
3.6589
3.7113
3.7641
3.817
3.8698
3.9227
3.942
3.9614
3.9807
4
