0
0.0047965
0.0095931
0.01439
0.019186
0.036605
0.054024
0.071444
0.088863
0.10105
0.11323
0.12542
0.1376
0.14979
0.16197
0.17416
0.18634
0.19744
0.20854
0.21964
0.23074
0.24423
0.25771
0.27119
0.28467
0.3005
0.31633
0.33216
0.34799
0.36644
0.38489
0.40334
0.42179
0.44359
0.4654
0.4872
0.509
0.53546
0.56191
0.58837
0.61483
0.64774
0.68065
0.71356
0.74647
0.78915
0.83182
0.87449
0.91716
0.97605
1.0349
1.0938
1.1527
1.245
1.3374
1.4297
1.522
1.5758
1.6297
1.6835
1.7373
1.7911
1.845
1.8988
1.9526
2.0171
2.0817
2.1462
2.2107
2.2772
2.3437
2.4103
2.4768
2.5334
2.5901
2.6467
2.7033
2.7514
2.7995
2.8476
2.8956
2.9456
2.9956
3.0456
3.0955
3.1558
3.216
3.2763
3.3365
3.4047
3.4729
3.5411
3.6093
3.6719
3.7345
3.7971
3.8597
3.8948
3.9298
3.9649
4
