0
0.0045509
0.0091018
0.013653
0.018204
0.029537
0.040871
0.052205
0.063539
0.074872
0.086206
0.09754
0.10887
0.12087
0.13286
0.14485
0.15685
0.17014
0.18342
0.19671
0.21
0.22326
0.23653
0.2498
0.26307
0.27537
0.28767
0.29997
0.31227
0.32444
0.33661
0.34878
0.36095
0.37598
0.39101
0.40605
0.42108
0.43855
0.45602
0.4735
0.49097
0.5115
0.53203
0.55255
0.57308
0.59773
0.62237
0.64702
0.67166
0.70189
0.73212
0.76234
0.79257
0.83085
0.86912
0.9074
0.94567
0.99606
1.0465
1.0968
1.1472
1.2142
1.2812
1.3482
1.4152
1.4897
1.5642
1.6387
1.7132
1.7574
1.8017
1.8459
1.8902
1.9344
1.9787
2.023
2.0672
2.1274
2.1876
2.2478
2.308
2.3826
2.4571
2.5317
2.6063
2.655
2.7038
2.7526
2.8013
2.8501
2.8988
2.9476
2.9964
3.058
3.1197
3.1814
3.243
3.3142
3.3853
3.4565
3.5277
3.5764
3.6252
3.674
3.7228
3.7715
3.8203
3.8691
3.9179
3.9384
3.9589
3.9795
4
