0
0.004837
0.0096739
0.014511
0.019348
0.036918
0.054488
0.072058
0.089628
0.10159
0.11356
0.12553
0.1375
0.14946
0.16143
0.1734
0.18536
0.19654
0.20771
0.21889
0.23006
0.24423
0.25839
0.27256
0.28672
0.3031
0.31947
0.33584
0.35222
0.37135
0.39049
0.40962
0.42876
0.45153
0.47431
0.49708
0.51985
0.54765
0.57546
0.60326
0.63106
0.66604
0.70102
0.736
0.77098
0.81722
0.86346
0.9097
0.95595
1.0237
1.0914
1.1591
1.2268
1.2888
1.3508
1.4128
1.4747
1.5367
1.5987
1.6607
1.7227
1.7819
1.8411
1.9003
1.9595
2.013
2.0665
2.1199
2.1734
2.2253
2.2772
2.3291
2.3811
2.4374
2.4937
2.5501
2.6064
2.6685
2.7306
2.7927
2.8548
2.9168
2.9789
3.041
3.1031
3.1591
3.2151
3.2711
3.3272
3.3786
3.4301
3.4816
3.5331
3.5867
3.6403
3.6939
3.7475
3.8106
3.8737
3.9369
4
