0
0.0048576
0.0097152
0.014573
0.01943
0.037171
0.054912
0.072652
0.090393
0.10208
0.11377
0.12546
0.13715
0.14884
0.16053
0.17222
0.18391
0.19587
0.20783
0.2198
0.23176
0.24641
0.26107
0.27572
0.29037
0.30729
0.3242
0.34111
0.35803
0.37783
0.39762
0.41742
0.43722
0.46097
0.48472
0.50847
0.53222
0.56142
0.59062
0.61982
0.64902
0.68624
0.72347
0.76069
0.79792
0.8485
0.89908
0.94967
1.0002
1.0667
1.1331
1.1995
1.2659
1.3323
1.3987
1.4651
1.5315
1.5884
1.6453
1.7022
1.7591
1.8068
1.8546
1.9024
1.9502
1.9993
2.0485
2.0976
2.1467
2.2058
2.2648
2.3239
2.383
2.45
2.517
2.584
2.651
2.7135
2.7761
2.8386
2.9011
2.9528
3.0045
3.0562
3.1079
3.1556
3.2033
3.2511
3.2988
3.3532
3.4076
3.4621
3.5165
3.5816
3.6466
3.7117
3.7768
3.8326
3.8884
3.9442
4
