0
0.0048535
0.009707
0.01456
0.019414
0.037338
0.055262
0.073186
0.09111
0.10244
0.11376
0.12509
0.13642
0.14774
0.15907
0.1704
0.18172
0.19428
0.20683
0.21939
0.23194
0.24693
0.26192
0.27691
0.2919
0.3092
0.3265
0.3438
0.3611
0.38139
0.40168
0.42197
0.44226
0.46677
0.49127
0.51578
0.54028
0.57062
0.60096
0.63129
0.66163
0.70081
0.74
0.77918
0.81837
0.87366
0.92895
0.98425
1.0395
1.0998
1.1601
1.2203
1.2806
1.3409
1.4011
1.4614
1.5217
1.5784
1.6352
1.692
1.7487
1.8013
1.8538
1.9063
1.9588
2.0118
2.0648
2.1177
2.1707
2.2285
2.2863
2.3441
2.4019
2.4635
2.5252
2.5868
2.6484
2.7082
2.7681
2.8279
2.8877
2.9423
2.9969
3.0516
3.1062
3.1587
3.2112
3.2636
3.3161
3.372
3.4278
3.4836
3.5395
3.6007
3.6619
3.7231
3.7844
3.8383
3.8922
3.9461
4
