0
0.0048183
0.0096366
0.014455
0.019273
0.03739
0.055506
0.073622
0.091739
0.10258
0.11341
0.12425
0.13509
0.14593
0.15677
0.1676
0.17844
0.19145
0.20447
0.21748
0.2305
0.2457
0.26089
0.27609
0.29129
0.30885
0.32641
0.34397
0.36153
0.38217
0.40281
0.42346
0.4441
0.46916
0.49422
0.51929
0.54435
0.57558
0.60681
0.63804
0.66926
0.71015
0.75103
0.79192
0.8328
0.89388
0.95497
1.0161
1.0771
1.1442
1.2112
1.2782
1.3452
1.3995
1.4538
1.5082
1.5625
1.6075
1.6525
1.6975
1.7426
1.7911
1.8397
1.8883
1.9369
1.9968
2.0567
2.1166
2.1765
2.2432
2.3099
2.3767
2.4434
2.5042
2.5649
2.6256
2.6864
2.737
2.7875
2.8381
2.8887
2.937
2.9853
3.0337
3.082
3.138
3.194
3.2501
3.3061
3.372
3.4378
3.5037
3.5696
3.6352
3.7008
3.7664
3.832
3.874
3.916
3.958
4
