0
0.0047442
0.0094885
0.014233
0.018977
0.037298
0.05562
0.073941
0.092262
0.10349
0.11473
0.12596
0.13719
0.14843
0.15966
0.17089
0.18212
0.19574
0.20936
0.22297
0.23659
0.25226
0.26792
0.28359
0.29926
0.3174
0.33554
0.35369
0.37183
0.39335
0.41487
0.43639
0.45791
0.48422
0.51053
0.53683
0.56314
0.59636
0.62958
0.6628
0.69601
0.74072
0.78542
0.83013
0.87484
0.92973
0.98463
1.0395
1.0944
1.1493
1.2042
1.2591
1.314
1.3712
1.4284
1.4856
1.5428
1.5984
1.654
1.7095
1.7651
1.8189
1.8728
1.9266
1.9804
2.0352
2.0899
2.1446
2.1994
2.257
2.3145
2.3721
2.4297
2.489
2.5484
2.6077
2.667
2.7251
2.7832
2.8413
2.8993
2.9548
3.0103
3.0658
3.1214
3.1762
3.231
3.2858
3.3407
3.3976
3.4546
3.5115
3.5685
3.628
3.6876
3.7472
3.8068
3.8551
3.9034
3.9517
4
