0
0.0046216
0.0092431
0.013865
0.018486
0.041594
0.064702
0.08781
0.11092
0.12347
0.13602
0.14856
0.16111
0.17366
0.18621
0.19876
0.21131
0.22629
0.24127
0.25625
0.27124
0.28836
0.30548
0.3226
0.33973
0.35984
0.37995
0.40006
0.42017
0.44461
0.46904
0.49348
0.51792
0.54844
0.57897
0.6095
0.64003
0.68028
0.72053
0.76077
0.80102
0.86519
0.92937
0.99354
1.0577
1.1164
1.1752
1.2339
1.2926
1.3403
1.3881
1.4358
1.4835
1.5297
1.5759
1.6221
1.6683
1.7227
1.777
1.8314
1.8858
1.9482
2.0106
2.073
2.1354
2.1971
2.2589
2.3206
2.3824
2.437
2.4916
2.5462
2.6009
2.6513
2.7017
2.7521
2.8025
2.8562
2.91
2.9638
3.0176
3.0789
3.1401
3.2014
3.2627
3.327
3.3912
3.4555
3.5197
3.5781
3.6366
3.695
3.7534
3.8047
3.8559
3.9072
3.9585
3.9689
3.9793
3.9896
4
