0
0.0044382
0.0088763
0.013314
0.017753
0.039943
0.062134
0.084325
0.10652
0.1192
0.13189
0.14457
0.15726
0.16994
0.18263
0.19531
0.208
0.22311
0.23822
0.25334
0.26845
0.28569
0.30293
0.32016
0.3374
0.35774
0.37807
0.39841
0.41874
0.44353
0.46833
0.49312
0.51792
0.54911
0.5803
0.61149
0.64268
0.68441
0.72614
0.76787
0.8096
0.86207
0.91454
0.967
1.0195
1.0719
1.1244
1.1769
1.2293
1.2838
1.3383
1.3928
1.4473
1.5015
1.5557
1.6099
1.6642
1.7183
1.7724
1.8265
1.8805
1.9359
1.9912
2.0465
2.1018
2.1588
2.2159
2.2729
2.33
2.3878
2.4457
2.5035
2.5613
2.6184
2.6756
2.7327
2.7898
2.8459
2.902
2.9581
3.0142
3.0704
3.1265
3.1826
3.2388
3.2962
3.3535
3.4109
3.4683
3.5267
3.5851
3.6435
3.702
3.76
3.818
3.8761
3.9341
3.9506
3.9671
3.9835
4
