0
0.004179
0.0083581
0.012537
0.016716
0.037611
0.058507
0.079402
0.1003
0.113
0.1257
0.1384
0.1511
0.16381
0.17651
0.18921
0.20191
0.21707
0.23223
0.24739
0.26255
0.2798
0.29706
0.31431
0.33156
0.35198
0.3724
0.39281
0.41323
0.4382
0.46317
0.48814
0.51311
0.5447
0.57629
0.60788
0.63947
0.68232
0.72517
0.76802
0.81086
0.86078
0.9107
0.96062
1.0105
1.0605
1.1104
1.1603
1.2102
1.2648
1.3195
1.3741
1.4287
1.4838
1.539
1.5941
1.6492
1.7032
1.7573
1.8113
1.8654
1.9195
1.9737
2.0279
2.0821
2.1381
2.1942
2.2503
2.3063
2.3643
2.4223
2.4802
2.5382
2.5963
2.6544
2.7125
2.7705
2.8272
2.8838
2.9404
2.997
3.0525
3.1081
3.1636
3.2192
3.2755
3.3318
3.3881
3.4444
3.5025
3.5606
3.6188
3.6769
3.7359
3.7948
3.8537
3.9127
3.9345
3.9563
3.9782
4
