0
0.0038257
0.0076513
0.011477
0.015303
0.02753
0.039757
0.051984
0.064212
0.076439
0.088666
0.10089
0.11312
0.12657
0.14001
0.15346
0.1669
0.18035
0.19379
0.20724
0.22069
0.2366
0.25251
0.26842
0.28433
0.30261
0.32089
0.33918
0.35746
0.3795
0.40153
0.42356
0.44559
0.47291
0.50023
0.52755
0.55487
0.59038
0.62589
0.66139
0.6969
0.74964
0.80239
0.85513
0.90788
0.96468
1.0215
1.0783
1.1351
1.1854
1.2356
1.2859
1.3362
1.3839
1.4316
1.4793
1.527
1.579
1.631
1.683
1.735
1.7927
1.8503
1.9079
1.9655
2.0246
2.0837
2.1427
2.2018
2.2581
2.3144
2.3707
2.427
2.4807
2.5343
2.588
2.6417
2.6963
2.7509
2.8055
2.8601
2.9184
2.9766
3.0349
3.0932
3.1537
3.2143
3.2748
3.3354
3.394
3.4526
3.5112
3.5698
3.6247
3.6796
3.7344
3.7893
3.842
3.8946
3.9473
4
