0
0.0033551
0.0067103
0.010065
0.013421
0.030196
0.046972
0.063747
0.080523
0.092392
0.10426
0.11613
0.128
0.13987
0.15174
0.16361
0.17548
0.19018
0.20488
0.21959
0.23429
0.25075
0.26721
0.28367
0.30012
0.31949
0.33886
0.35823
0.3776
0.40123
0.42487
0.4485
0.47214
0.50194
0.53174
0.56155
0.59135
0.63147
0.67158
0.7117
0.75182
0.79736
0.84289
0.88843
0.93397
0.97951
1.025
1.0706
1.1161
1.1703
1.2244
1.2786
1.3327
1.3875
1.4422
1.497
1.5517
1.6045
1.6573
1.7101
1.7629
1.8156
1.8683
1.9211
1.9738
2.0292
2.0846
2.1399
2.1953
2.2534
2.3114
2.3695
2.4276
2.486
2.5443
2.6026
2.661
2.7174
2.7738
2.8302
2.8866
2.9416
2.9965
3.0515
3.1064
3.1624
3.2183
3.2742
3.3302
3.3885
3.4469
3.5052
3.5636
3.623
3.6825
3.7419
3.8014
3.851
3.9007
3.9503
4
