0
0.0046336
0.0092673
0.013901
0.018535
0.032477
0.046419
0.060361
0.074303
0.088245
0.10219
0.11613
0.13007
0.14244
0.1548
0.16717
0.17953
0.19251
0.20549
0.21847
0.23145
0.24316
0.25488
0.26659
0.27831
0.29133
0.30435
0.31737
0.33039
0.34601
0.36163
0.37725
0.39287
0.41107
0.42927
0.44747
0.46566
0.4871
0.50854
0.52998
0.55142
0.57735
0.60327
0.6292
0.65513
0.68716
0.7192
0.75123
0.78326
0.82428
0.8653
0.90632
0.94733
1.002
1.0568
1.1115
1.1662
1.2385
1.3108
1.3831
1.4554
1.5103
1.5652
1.6201
1.675
1.7299
1.7848
1.8397
1.8947
1.9558
2.017
2.0781
2.1393
2.2026
2.266
2.3293
2.3927
2.4508
2.5088
2.5669
2.6249
2.6768
2.7287
2.7805
2.8324
2.8844
2.9364
2.9883
3.0403
3.0987
3.1571
3.2155
3.2739
3.3382
3.4024
3.4667
3.531
3.5927
3.6545
3.7162
3.778
3.8335
3.889
3.9445
4
