0
0.0027396
0.0054791
0.0082187
0.010958
0.024656
0.038354
0.052052
0.065749
0.079046
0.092342
0.10564
0.11894
0.13223
0.14553
0.15882
0.17212
0.18669
0.20126
0.21584
0.23041
0.24704
0.26368
0.28032
0.29696
0.31657
0.33618
0.35579
0.3754
0.39946
0.42352
0.44758
0.47164
0.50221
0.53279
0.56336
0.59394
0.63589
0.67785
0.7198
0.76176
0.81093
0.8601
0.90927
0.95844
1.0076
1.0568
1.1059
1.1551
1.2062
1.2573
1.3084
1.3595
1.4118
1.4641
1.5164
1.5687
1.6222
1.6758
1.7293
1.7829
1.8379
1.8928
1.9477
2.0027
2.0587
2.1148
2.1708
2.2269
2.2834
2.34
2.3965
2.453
2.5096
2.5662
2.6227
2.6793
2.7358
2.7924
2.849
2.9055
2.9624
3.0192
3.0761
3.1329
3.1902
3.2475
3.3048
3.3621
3.4196
3.477
3.5345
3.592
3.6493
3.7066
3.7638
3.8211
3.8658
3.9106
3.9553
4
