0
0.0019452
0.0038905
0.0058357
0.0077809
0.017507
0.027233
0.036959
0.046686
0.058112
0.069539
0.080966
0.092393
0.10382
0.11525
0.12667
0.1381
0.1522
0.16629
0.18039
0.19449
0.21008
0.22567
0.24126
0.25684
0.275
0.29316
0.31132
0.32947
0.35148
0.37348
0.39548
0.41748
0.44506
0.47264
0.50022
0.52779
0.56434
0.60089
0.63744
0.67399
0.72375
0.77351
0.82327
0.87303
0.92279
0.97255
1.0223
1.0721
1.1213
1.1706
1.2198
1.269
1.3192
1.3694
1.4195
1.4697
1.5223
1.575
1.6277
1.6803
1.7353
1.7904
1.8454
1.9004
1.9564
2.0124
2.0684
2.1244
2.1803
2.2362
2.2921
2.348
2.4038
2.4596
2.5154
2.5712
2.6275
2.6839
2.7402
2.7965
2.8538
2.9111
2.9684
3.0256
3.0834
3.1411
3.1988
3.2566
3.3139
3.3712
3.4285
3.4859
3.5425
3.5991
3.6558
3.7124
3.769
3.8255
3.8821
3.9387
3.954
3.9693
3.9847
4
