0
0.0009323
0.0018646
0.0027969
0.0037292
0.0083907
0.013052
0.017714
0.022375
0.030536
0.038697
0.046858
0.055019
0.063179
0.07134
0.079501
0.087662
0.097587
0.10751
0.11744
0.12736
0.14174
0.15612
0.1705
0.18487
0.20039
0.2159
0.23141
0.24693
0.26512
0.28332
0.30152
0.31971
0.34182
0.36393
0.38604
0.40816
0.436
0.46384
0.49168
0.51953
0.55677
0.59402
0.63126
0.6685
0.71516
0.76182
0.80847
0.85513
0.90178
0.94844
0.99509
1.0417
1.0919
1.1421
1.1922
1.2424
1.2937
1.345
1.3963
1.4476
1.4997
1.5519
1.604
1.6562
1.7098
1.7634
1.817
1.8706
1.9259
1.9811
2.0364
2.0917
2.1481
2.2045
2.2609
2.3173
2.3738
2.4304
2.487
2.5436
2.5999
2.6563
2.7126
2.769
2.8254
2.8818
2.9382
2.9946
3.0516
3.1086
3.1656
3.2226
3.2801
3.3377
3.3953
3.4529
3.5105
3.5681
3.6256
3.6832
3.7403
3.7974
3.8545
3.9115
3.9337
3.9558
3.9779
4
