0
0.00034489
0.00068979
0.0010347
0.0013796
0.003104
0.0048285
0.006553
0.0082774
0.0169
0.025522
0.034144
0.042767
0.055985
0.069203
0.082421
0.095638
0.10886
0.12207
0.13529
0.14851
0.16336
0.17821
0.19306
0.20791
0.22488
0.24185
0.25882
0.27579
0.29618
0.31657
0.33695
0.35734
0.38271
0.40809
0.43346
0.45884
0.49196
0.52509
0.55822
0.59135
0.64137
0.6914
0.74143
0.79146
0.84304
0.89462
0.94621
0.99779
1.0448
1.0918
1.1387
1.1857
1.2328
1.2799
1.327
1.3741
1.4255
1.4768
1.5282
1.5796
1.6345
1.6894
1.7443
1.7993
1.855
1.9108
1.9666
2.0224
2.0775
2.1326
2.1878
2.2429
2.2978
2.3528
2.4077
2.4627
2.5188
2.5749
2.631
2.6871
2.7448
2.8025
2.8601
2.9178
2.9759
3.034
3.0921
3.1501
3.2072
3.2643
3.3214
3.3784
3.4344
3.4905
3.5465
3.6025
3.6587
3.715
3.7713
3.8276
3.8707
3.9138
3.9569
4
