0
0.001936
0.003872
0.005808
0.0077439
0.017424
0.027104
0.036784
0.046464
0.061238
0.076012
0.090787
0.10556
0.12034
0.13511
0.14988
0.16466
0.18036
0.19606
0.21176
0.22747
0.24622
0.26497
0.28373
0.30248
0.32551
0.34853
0.37156
0.39458
0.42408
0.45357
0.48306
0.51256
0.55363
0.5947
0.63577
0.67684
0.7354
0.79395
0.85251
0.91107
0.95828
1.0055
1.0527
1.0999
1.1423
1.1847
1.227
1.2694
1.3174
1.3653
1.4133
1.4612
1.5156
1.57
1.6244
1.6787
1.7351
1.7914
1.8477
1.9041
1.959
2.014
2.069
2.124
2.1779
2.2317
2.2856
2.3395
2.3946
2.4497
2.5047
2.5598
2.6174
2.675
2.7326
2.7902
2.8491
2.9079
2.9668
3.0256
3.0832
3.1408
3.1983
3.2559
3.3115
3.3671
3.4226
3.4782
3.5335
3.5889
3.6442
3.6996
3.7569
3.8142
3.8715
3.9288
3.9466
3.9644
3.9822
4
