0
0.0038901
0.0077803
0.01167
0.015561
0.035011
0.054462
0.073912
0.093363
0.11005
0.12675
0.14344
0.16013
0.17582
0.1915
0.20719
0.22288
0.24254
0.26219
0.28185
0.30151
0.32566
0.34982
0.37397
0.39813
0.42969
0.46125
0.49281
0.52436
0.57097
0.61757
0.66417
0.71078
0.76207
0.81337
0.86467
0.91597
0.96257
1.0092
1.0558
1.1024
1.1484
1.1945
1.2406
1.2866
1.3367
1.3867
1.4368
1.4868
1.5405
1.5943
1.648
1.7017
1.7567
1.8117
1.8667
1.9217
1.9766
2.0314
2.0863
2.1411
2.1961
2.251
2.3059
2.3608
2.4168
2.4727
2.5287
2.5847
2.6419
2.6992
2.7565
2.8138
2.8715
2.9292
2.9869
3.0447
3.1017
3.1588
3.2159
3.273
3.3292
3.3855
3.4418
3.4981
3.5546
3.611
3.6675
3.7239
3.7814
3.8389
3.8964
3.9539
3.9654
3.9769
3.9885
4
