0
0.0062474
0.012495
0.018742
0.02499
0.040242
0.055494
0.070746
0.085998
0.10125
0.1165
0.13175
0.14701
0.16348
0.17996
0.19643
0.21291
0.23315
0.25338
0.27362
0.29386
0.31918
0.34451
0.36983
0.39516
0.42881
0.46245
0.4961
0.52975
0.58579
0.64183
0.69787
0.75391
0.80111
0.84832
0.89553
0.94273
0.98495
1.0272
1.0694
1.1116
1.158
1.2045
1.2509
1.2973
1.3492
1.4012
1.4531
1.505
1.5592
1.6134
1.6675
1.7217
1.7758
1.8299
1.884
1.9381
1.9922
2.0462
2.1003
2.1543
2.2095
2.2648
2.32
2.3752
2.432
2.4889
2.5458
2.6027
2.6604
2.7181
2.7758
2.8335
2.8906
2.9478
3.0049
3.062
3.1182
3.1744
3.2306
3.2868
3.343
3.3992
3.4554
3.5116
3.5689
3.6262
3.6834
3.7407
3.799
3.8573
3.9156
3.9739
3.9804
3.987
3.9935
4
