0
0.0090248
0.01805
0.027074
0.036099
0.053092
0.070085
0.087078
0.10407
0.11907
0.13407
0.14908
0.16408
0.1832
0.20233
0.22146
0.24059
0.26406
0.28753
0.311
0.33447
0.3653
0.39614
0.42697
0.4578
0.50372
0.54964
0.59557
0.64149
0.69113
0.74078
0.79042
0.84007
0.88552
0.93097
0.97642
1.0219
1.0674
1.1129
1.1584
1.204
1.2533
1.3027
1.352
1.4014
1.454
1.5066
1.5592
1.6118
1.6658
1.7197
1.7737
1.8277
1.882
1.9363
1.9907
2.045
2.0999
2.1549
2.2098
2.2647
2.3207
2.3767
2.4326
2.4886
2.5456
2.6026
2.6596
2.7166
2.7738
2.8311
2.8883
2.9456
3.0025
3.0593
3.1162
3.173
3.2295
3.2861
3.3426
3.3991
3.4559
3.5127
3.5695
3.6263
3.6838
3.7413
3.7988
3.8563
3.8922
3.9281
3.9641
4
