0
0.016205
0.03241
0.048615
0.06482
0.079487
0.094155
0.10882
0.12349
0.14196
0.16043
0.1789
0.19737
0.22007
0.24277
0.26548
0.28818
0.31792
0.34766
0.3774
0.40714
0.45078
0.49441
0.53805
0.58168
0.63151
0.68133
0.73115
0.78097
0.82608
0.87119
0.91629
0.9614
1.006
1.0507
1.0953
1.1399
1.1884
1.2369
1.2853
1.3338
1.3857
1.4376
1.4895
1.5413
1.5947
1.6481
1.7015
1.7549
1.8089
1.8629
1.9168
1.9708
2.0254
2.0801
2.1348
2.1895
2.2453
2.3011
2.3569
2.4127
2.4695
2.5263
2.5831
2.6399
2.697
2.7542
2.8113
2.8684
2.9252
2.982
3.0388
3.0956
3.1522
3.2087
3.2652
3.3217
3.3786
3.4354
3.4922
3.549
3.6065
3.6639
3.7214
3.7789
3.8341
3.8894
3.9447
4
