0
0.016077
0.032154
0.048231
0.064308
0.080384
0.096461
0.11254
0.12862
0.15161
0.17461
0.19761
0.22061
0.24973
0.27885
0.30797
0.33709
0.38141
0.42573
0.47006
0.51438
0.56207
0.60976
0.65746
0.70515
0.74901
0.79287
0.83673
0.8806
0.92491
0.96923
1.0135
1.0579
1.1058
1.1537
1.2017
1.2496
1.3005
1.3513
1.4022
1.453
1.5054
1.5577
1.6101
1.6625
1.7158
1.7692
1.8226
1.8759
1.9304
1.9849
2.0394
2.0939
2.1496
2.2052
2.2609
2.3166
2.3731
2.4296
2.4862
2.5427
2.5995
2.6562
2.713
2.7698
2.8264
2.8831
2.9397
2.9964
3.053
3.1097
3.1663
3.223
3.28
3.337
3.394
3.451
3.5084
3.5659
3.6233
3.6807
3.7382
3.7957
3.8533
3.9108
3.9331
3.9554
3.9777
4
