0
0.0047075
0.009415
0.014123
0.01883
0.042368
0.065905
0.089443
0.11298
0.12532
0.13767
0.15001
0.16236
0.1747
0.18705
0.19939
0.21174
0.22281
0.23388
0.24495
0.25602
0.26956
0.2831
0.29664
0.31018
0.3261
0.34201
0.35793
0.37385
0.39244
0.41103
0.42962
0.44821
0.47019
0.49216
0.51413
0.5361
0.56275
0.5894
0.61605
0.6427
0.67579
0.70889
0.74199
0.77509
0.81781
0.86053
0.90325
0.94597
1.0037
1.0614
1.1191
1.1768
1.2542
1.3317
1.4091
1.4865
1.5386
1.5907
1.6428
1.6949
1.747
1.7991
1.8512
1.9033
1.9659
2.0286
2.0913
2.1539
2.2223
2.2907
2.3591
2.4276
2.4878
2.548
2.6083
2.6685
2.7176
2.7667
2.8157
2.8648
2.9124
2.96
3.0076
3.0553
3.1122
3.1692
3.2262
3.2832
3.3511
3.419
3.487
3.5549
3.6212
3.6876
3.7539
3.8202
3.8652
3.9101
3.9551
4
