0
0.020969
0.041938
0.062907
0.083876
0.10091
0.11795
0.13499
0.15203
0.17583
0.19962
0.22342
0.24721
0.27689
0.30658
0.33626
0.36594
0.40361
0.44128
0.47895
0.51662
0.55962
0.60262
0.64562
0.68862
0.73353
0.77844
0.82335
0.86826
0.91436
0.96046
1.0066
1.0527
1.1006
1.1485
1.1964
1.2443
1.2944
1.3445
1.3946
1.4447
1.4967
1.5488
1.6008
1.6529
1.7065
1.7601
1.8137
1.8674
1.9221
1.9769
2.0316
2.0864
2.142
2.1976
2.2532
2.3088
2.365
2.4212
2.4774
2.5335
2.5901
2.6467
2.7033
2.7599
2.8167
2.8735
2.9303
2.9872
3.0441
3.1011
3.1581
3.215
3.2721
3.3292
3.3862
3.4433
3.5004
3.5576
3.6148
3.6719
3.7291
3.7863
3.8436
3.9008
3.9256
3.9504
3.9752
4
