0
0.011124
0.022248
0.033373
0.044497
0.057999
0.071501
0.085003
0.098506
0.11529
0.13208
0.14887
0.16566
0.1865
0.20734
0.22817
0.24901
0.27536
0.30171
0.32806
0.35442
0.38804
0.42166
0.45528
0.48891
0.52989
0.57088
0.61187
0.65286
0.69767
0.74248
0.7873
0.83211
0.87832
0.92453
0.97074
1.0169
1.0645
1.1121
1.1597
1.2073
1.2568
1.3064
1.356
1.4055
1.4572
1.5089
1.5606
1.6122
1.6657
1.7191
1.7725
1.8259
1.8806
1.9352
1.9899
2.0445
2.1
2.1554
2.2109
2.2664
2.3224
2.3784
2.4345
2.4905
2.547
2.6035
2.66
2.7165
2.7733
2.8301
2.8869
2.9437
3.0007
3.0577
3.1148
3.1718
3.2288
3.2859
3.3429
3.4
3.4571
3.5142
3.5713
3.6284
3.6855
3.7427
3.7999
3.857
3.8928
3.9285
3.9643
4
