0
0.007825
0.01565
0.023475
0.0313
0.043061
0.054822
0.066583
0.078344
0.092546
0.10675
0.12095
0.13515
0.15275
0.17035
0.18795
0.20554
0.22737
0.2492
0.27104
0.29287
0.32047
0.34808
0.37568
0.40329
0.43837
0.47346
0.50854
0.54363
0.5858
0.62797
0.67014
0.71231
0.75787
0.80343
0.84899
0.89455
0.9414
0.98826
1.0351
1.082
1.1303
1.1785
1.2268
1.2751
1.3254
1.3757
1.426
1.4763
1.5287
1.5811
1.6334
1.6858
1.7398
1.7937
1.8477
1.9017
1.9567
2.0118
2.0668
2.1218
2.1775
2.2332
2.2889
2.3446
2.4008
2.457
2.5132
2.5694
2.626
2.6826
2.7392
2.7958
2.8527
2.9096
2.9665
3.0235
3.0805
3.1376
3.1947
3.2518
3.3089
3.3659
3.423
3.4801
3.5372
3.5943
3.6514
3.7084
3.7656
3.8227
3.8799
3.9371
3.9528
3.9685
3.9843
4
