0
0.0061422
0.012284
0.018427
0.024569
0.035114
0.04566
0.056205
0.066751
0.07942
0.09209
0.10476
0.11743
0.13319
0.14895
0.16471
0.18048
0.19984
0.2192
0.23856
0.25792
0.28209
0.30626
0.33043
0.3546
0.38527
0.41593
0.44659
0.47726
0.51573
0.55421
0.59268
0.63116
0.67548
0.7198
0.76411
0.80843
0.85502
0.9016
0.94818
0.99476
1.0425
1.0902
1.138
1.1857
1.2351
1.2845
1.3339
1.3833
1.4348
1.4863
1.5378
1.5893
1.6426
1.696
1.7494
1.8028
1.8575
1.9122
1.9669
2.0216
2.0771
2.1326
2.1881
2.2436
2.2996
2.3555
2.4115
2.4675
2.5239
2.5803
2.6367
2.6931
2.7499
2.8067
2.8635
2.9203
2.9774
3.0344
3.0915
3.1486
3.2057
3.2628
3.3199
3.3771
3.4342
3.4912
3.5483
3.6054
3.6624
3.7195
3.7766
3.8336
3.8752
3.9168
3.9584
4
