0
0.0051087
0.010217
0.015326
0.020435
0.030041
0.039646
0.049252
0.058857
0.070438
0.082018
0.093599
0.10518
0.11969
0.1342
0.14871
0.16322
0.18096
0.1987
0.21644
0.23418
0.25611
0.27804
0.29997
0.3219
0.34948
0.37706
0.40463
0.43221
0.46718
0.50216
0.53713
0.5721
0.61445
0.6568
0.69914
0.74149
0.78768
0.83387
0.88006
0.92625
0.97384
1.0214
1.069
1.1166
1.1655
1.2144
1.2632
1.3121
1.3629
1.4137
1.4645
1.5153
1.5682
1.621
1.6739
1.7267
1.7812
1.8356
1.89
1.9444
1.9998
2.0551
2.1105
2.1658
2.2217
2.2776
2.3334
2.3893
2.4455
2.5017
2.558
2.6142
2.6709
2.7275
2.7842
2.8408
2.8979
2.9549
3.0119
3.0689
3.1261
3.1833
3.2405
3.2977
3.3548
3.4119
3.469
3.5261
3.5831
3.6402
3.6972
3.7542
3.8157
3.8771
3.9386
4
