0
0.0044043
0.0088087
0.013213
0.017617
0.026463
0.035309
0.044154
0.053
0.063737
0.074474
0.085211
0.095948
0.10952
0.12309
0.13666
0.15024
0.16681
0.18337
0.19994
0.21651
0.23685
0.25719
0.27752
0.29786
0.32319
0.34852
0.37386
0.39919
0.43126
0.46333
0.4954
0.52747
0.56741
0.60735
0.64729
0.68723
0.73272
0.77821
0.8237
0.8692
0.91678
0.96435
1.0119
1.0595
1.1082
1.1569
1.2056
1.2543
1.3046
1.3549
1.4052
1.4555
1.5079
1.5603
1.6127
1.665
1.7192
1.7733
1.8275
1.8817
1.9369
1.9922
2.0475
2.1028
2.1586
2.2144
2.2702
2.326
2.3821
2.4382
2.4944
2.5505
2.607
2.6635
2.72
2.7766
2.8335
2.8905
2.9474
3.0044
3.0616
3.1188
3.176
3.2332
3.2904
3.3476
3.4048
3.462
3.519
3.576
3.6331
3.6901
3.7471
3.8041
3.8611
3.9181
3.9386
3.9591
3.9795
4
