0
0.0038918
0.0077836
0.011675
0.015567
0.023784
0.032002
0.040219
0.048436
0.058491
0.068545
0.0786
0.088655
0.10149
0.11432
0.12715
0.13998
0.15566
0.17133
0.187
0.20268
0.22181
0.24095
0.26008
0.27921
0.30285
0.32648
0.35012
0.37375
0.40348
0.43322
0.46295
0.49269
0.53017
0.56764
0.60512
0.6426
0.687
0.7314
0.77579
0.82019
0.86775
0.9153
0.96285
1.0104
1.0591
1.1079
1.1566
1.2053
1.2554
1.3054
1.3555
1.4055
1.4575
1.5095
1.5615
1.6135
1.6674
1.7213
1.7752
1.8291
1.8843
1.9395
1.9948
2.05
2.1058
2.1616
2.2174
2.2733
2.3293
2.3854
2.4415
2.4976
2.554
2.6104
2.6668
2.7231
2.78
2.8368
2.8937
2.9505
3.0078
3.065
3.1222
3.1795
3.2367
3.294
3.3513
3.4086
3.4656
3.5227
3.5798
3.6369
3.6938
3.7508
3.8077
3.8647
3.8985
3.9323
3.9662
4
