0
0.0035023
0.0070046
0.010507
0.014009
0.0217
0.029392
0.037083
0.044774
0.054263
0.063752
0.073241
0.08273
0.094961
0.10719
0.11942
0.13165
0.14662
0.16158
0.17654
0.19151
0.2097
0.2279
0.24609
0.26429
0.28659
0.3089
0.3312
0.35351
0.38136
0.40921
0.43706
0.46491
0.5001
0.53529
0.57048
0.60566
0.6486
0.69153
0.73447
0.7774
0.82482
0.87223
0.91964
0.96705
1.016
1.0649
1.1139
1.1628
1.2128
1.2628
1.3128
1.3628
1.4145
1.4662
1.5179
1.5696
1.6233
1.677
1.7306
1.7843
1.8395
1.8947
1.9498
2.005
2.0609
2.1168
2.1727
2.2286
2.2847
2.3408
2.3969
2.453
2.5093
2.5656
2.6218
2.6781
2.7349
2.7916
2.8483
2.905
2.9622
3.0195
3.0767
3.1339
3.1912
3.2486
3.306
3.3634
3.4205
3.4777
3.5349
3.592
3.6489
3.7058
3.7628
3.8197
3.8648
3.9098
3.9549
4
