0
0.0031973
0.0063947
0.009592
0.012789
0.020038
0.027286
0.034535
0.041783
0.050798
0.059813
0.068827
0.077842
0.089574
0.10131
0.11304
0.12477
0.13916
0.15355
0.16794
0.18233
0.19978
0.21722
0.23467
0.25211
0.27335
0.29459
0.31583
0.33707
0.36338
0.38969
0.416
0.44232
0.47547
0.50863
0.54178
0.57494
0.61616
0.65738
0.6986
0.73982
0.78689
0.83396
0.88103
0.9281
0.97735
1.0266
1.0759
1.1251
1.1753
1.2254
1.2756
1.3257
1.3773
1.4288
1.4803
1.5319
1.5853
1.6388
1.6922
1.7457
1.8008
1.856
1.9111
1.9663
2.0223
2.0783
2.1343
2.1903
2.2465
2.3026
2.3588
2.415
2.4712
2.5274
2.5837
2.6399
2.6965
2.7531
2.8097
2.8662
2.9234
2.9806
3.0377
3.0949
3.1523
3.2098
3.2673
3.3248
3.382
3.4393
3.4966
3.5539
3.6108
3.6678
3.7247
3.7816
3.8362
3.8908
3.9454
4
