0
0.0029535
0.005907
0.0088604
0.011814
0.018689
0.025564
0.03244
0.039315
0.04793
0.056545
0.065159
0.073774
0.085091
0.096409
0.10773
0.11904
0.13296
0.14689
0.16081
0.17473
0.19156
0.2084
0.22523
0.24206
0.26243
0.2828
0.30317
0.32354
0.34858
0.37361
0.39865
0.42369
0.45508
0.48646
0.51785
0.54923
0.58863
0.62803
0.66743
0.70683
0.75329
0.79974
0.8462
0.89265
0.94223
0.99181
1.0414
1.091
1.1415
1.192
1.2425
1.293
1.3445
1.3961
1.4476
1.4991
1.5524
1.6057
1.659
1.7122
1.7673
1.8224
1.8775
1.9326
1.9887
2.0448
2.101
2.1571
2.2135
2.2698
2.3261
2.3825
2.4387
2.4949
2.5511
2.6074
2.6638
2.7202
2.7767
2.8331
2.8902
2.9472
3.0043
3.0613
3.1188
3.1764
3.2339
3.2915
3.3489
3.4064
3.4639
3.5213
3.5783
3.6353
3.6923
3.7493
3.806
3.8627
3.9195
3.9762
3.9821
3.9881
3.994
4
