0
0.0047702
0.0095405
0.014311
0.019081
0.036435
0.053788
0.071142
0.088496
0.10077
0.11305
0.12533
0.1376
0.14988
0.16216
0.17444
0.18671
0.19827
0.20983
0.22139
0.23294
0.24601
0.25907
0.27214
0.2852
0.30078
0.31636
0.33194
0.34753
0.36565
0.38378
0.40191
0.42004
0.44139
0.46275
0.48411
0.50546
0.53131
0.55717
0.58302
0.60887
0.64088
0.67289
0.70489
0.7369
0.77809
0.81927
0.86046
0.90165
0.95757
1.0135
1.0694
1.1253
1.2062
1.2871
1.368
1.4488
1.511
1.5732
1.6354
1.6975
1.7597
1.8219
1.8841
1.9462
2.0081
2.07
2.1319
2.1937
2.2498
2.3058
2.3618
2.4179
2.4696
2.5214
2.5732
2.625
2.6789
2.7328
2.7867
2.8407
2.9011
2.9615
3.0219
3.0823
3.1461
3.21
3.2738
3.3377
3.3968
3.456
3.5152
3.5744
3.6267
3.679
3.7312
3.7835
3.8376
3.8917
3.9459
4
