0
0.002854
0.0057079
0.0085619
0.011416
0.019616
0.027815
0.036015
0.044215
0.05265
0.061085
0.06952
0.077955
0.089499
0.10104
0.11259
0.12413
0.13816
0.1522
0.16623
0.18026
0.19718
0.2141
0.23101
0.24793
0.26831
0.28869
0.30908
0.32946
0.35441
0.37937
0.40433
0.42929
0.46048
0.49167
0.52287
0.55406
0.59327
0.63249
0.6717
0.71092
0.75763
0.80435
0.85106
0.89778
0.94803
0.99829
1.0485
1.0988
1.15
1.2011
1.2523
1.3034
1.3554
1.4073
1.4592
1.5111
1.5646
1.618
1.6715
1.725
1.7803
1.8356
1.8909
1.9462
2.0027
2.0591
2.1155
2.1719
2.2284
2.285
2.3415
2.3981
2.4543
2.5106
2.5668
2.6231
2.6794
2.7358
2.7921
2.8485
2.9055
2.9626
3.0196
3.0766
3.1343
3.1919
3.2496
3.3072
3.3648
3.4224
3.48
3.5376
3.5946
3.6516
3.7086
3.7657
3.8242
3.8828
3.9414
4
