0
0.0029848
0.0059696
0.0089544
0.011939
0.018064
0.024189
0.030313
0.036438
0.04459
0.052742
0.060894
0.069046
0.079801
0.090555
0.10131
0.11206
0.12538
0.13869
0.152
0.16532
0.18133
0.19734
0.21336
0.22937
0.24853
0.26769
0.28685
0.30601
0.32923
0.35244
0.37566
0.39887
0.42759
0.45632
0.48504
0.51376
0.54991
0.58605
0.6222
0.65835
0.70293
0.74751
0.79209
0.83667
0.88681
0.93694
0.98707
1.0372
1.089
1.1408
1.1926
1.2444
1.2965
1.3486
1.4007
1.4528
1.5059
1.559
1.6121
1.6652
1.7201
1.7749
1.8298
1.8847
1.9412
1.9976
2.054
2.1105
2.1673
2.2242
2.2811
2.338
2.3944
2.4509
2.5074
2.5638
2.62
2.6762
2.7323
2.7885
2.8451
2.9018
2.9584
3.0151
3.0726
3.1302
3.1877
3.2452
3.3031
3.361
3.419
3.4769
3.5342
3.5916
3.6489
3.7063
3.7629
3.8195
3.8761
3.9327
3.9495
3.9663
3.9832
4
