0
0.003113
0.006226
0.009339
0.012452
0.017645
0.022838
0.02803
0.033223
0.04115
0.049076
0.057002
0.064928
0.075231
0.085533
0.095835
0.10614
0.11903
0.13192
0.14481
0.1577
0.17317
0.18865
0.20413
0.21961
0.23801
0.25642
0.27483
0.29324
0.31535
0.33747
0.35958
0.38169
0.4088
0.43591
0.46301
0.49012
0.52407
0.55803
0.59198
0.62594
0.66848
0.71103
0.75358
0.79613
0.84592
0.89572
0.94552
0.99532
1.0479
1.1005
1.1531
1.2056
1.2584
1.3111
1.3639
1.4166
1.4697
1.5227
1.5757
1.6288
1.6833
1.7378
1.7923
1.8468
1.9032
1.9596
2.0159
2.0723
2.1295
2.1868
2.2441
2.3013
2.3582
2.415
2.4718
2.5287
2.5848
2.6409
2.6971
2.7532
2.8094
2.8657
2.922
2.9782
3.0355
3.0928
3.15
3.2073
3.2654
3.3235
3.3817
3.4398
3.4976
3.5554
3.6132
3.6711
3.7278
3.7846
3.8413
3.8981
3.9235
3.949
3.9745
4
