0
0.0032386
0.0064773
0.0097159
0.012955
0.017595
0.022235
0.026875
0.031515
0.039279
0.047043
0.054807
0.062571
0.072579
0.082588
0.092596
0.1026
0.11522
0.12783
0.14044
0.15305
0.16817
0.18328
0.19839
0.21351
0.23138
0.24925
0.26712
0.28499
0.30629
0.32759
0.34889
0.37019
0.39607
0.42196
0.44785
0.47373
0.50595
0.53817
0.57038
0.6026
0.64321
0.68383
0.72444
0.76505
0.81418
0.86331
0.91244
0.96156
1.0149
1.0683
1.1217
1.1751
1.2288
1.2825
1.3363
1.39
1.4432
1.4965
1.5497
1.603
1.6571
1.7112
1.7654
1.8195
1.8756
1.9317
1.9879
2.044
2.1016
2.1592
2.2168
2.2744
2.3318
2.3893
2.4467
2.5041
2.5604
2.6167
2.6729
2.7292
2.7851
2.8409
2.8967
2.9526
3.0094
3.0662
3.123
3.1798
3.238
3.2962
3.3544
3.4125
3.4709
3.5293
3.5877
3.6461
3.7033
3.7604
3.8176
3.8747
3.906
3.9374
3.9687
4
