0
0.0033619
0.0067238
0.010086
0.013448
0.017432
0.021417
0.025402
0.029387
0.036974
0.04456
0.052147
0.059733
0.069394
0.079054
0.088714
0.098375
0.11067
0.12297
0.13527
0.14757
0.16229
0.17701
0.19173
0.20645
0.22375
0.24106
0.25836
0.27567
0.29611
0.31656
0.337
0.35745
0.38206
0.40668
0.43129
0.45591
0.48628
0.51666
0.54703
0.5774
0.61569
0.65397
0.69225
0.73053
0.77814
0.82575
0.87336
0.92097
0.97489
1.0288
1.0827
1.1367
1.1917
1.2468
1.3019
1.3569
1.4108
1.4646
1.5184
1.5723
1.6259
1.6796
1.7332
1.7869
1.8424
1.8979
1.9534
2.0089
2.0666
2.1244
2.1822
2.2399
2.2982
2.3564
2.4147
2.4729
2.5298
2.5866
2.6434
2.7002
2.7557
2.8111
2.8666
2.9221
2.978
3.034
3.09
3.146
3.2039
3.2618
3.3197
3.3776
3.4367
3.4958
3.5548
3.6139
3.6719
3.7299
3.7879
3.8459
3.8844
3.9229
3.9615
4
