0
0.0034829
0.0069658
0.010449
0.013932
0.021317
0.028701
0.036086
0.043471
0.050856
0.058241
0.065626
0.073011
0.083875
0.094739
0.1056
0.11647
0.12956
0.14266
0.15576
0.16886
0.18436
0.19986
0.21536
0.23086
0.24892
0.26699
0.28506
0.30313
0.32445
0.34576
0.36708
0.3884
0.4141
0.4398
0.46551
0.49121
0.52302
0.55484
0.58665
0.61846
0.65869
0.69892
0.73915
0.77938
0.82934
0.87929
0.92925
0.97921
1.0351
1.0911
1.147
1.203
1.2591
1.3153
1.3714
1.4276
1.4815
1.5355
1.5895
1.6435
1.697
1.7505
1.804
1.8576
1.9134
1.9693
2.0251
2.081
2.1396
2.1982
2.2568
2.3154
2.3743
2.4333
2.4922
2.5511
2.6077
2.6644
2.721
2.7777
2.8325
2.8873
2.9421
2.9969
3.0525
3.1082
3.1639
3.2195
3.2779
3.3364
3.3948
3.4532
3.5131
3.573
3.6328
3.6927
3.7508
3.809
3.8671
3.9253
3.9439
3.9626
3.9813
4
