0
0.0036017
0.0072034
0.010805
0.014407
0.022779
0.031152
0.039525
0.047897
0.05627
0.064643
0.073015
0.081388
0.092571
0.10375
0.11494
0.12612
0.13963
0.15313
0.16663
0.18014
0.1959
0.21166
0.22743
0.24319
0.26144
0.27969
0.29794
0.31619
0.33763
0.35906
0.38049
0.40193
0.4277
0.45346
0.47923
0.505
0.53683
0.56866
0.6005
0.63233
0.67265
0.71297
0.75328
0.7936
0.84421
0.89483
0.94544
0.99606
1.0536
1.1111
1.1687
1.2262
1.2838
1.3414
1.399
1.4566
1.5109
1.5651
1.6194
1.6736
1.7265
1.7793
1.8322
1.8851
1.9405
1.996
2.0514
2.1069
2.1662
2.2255
2.2848
2.344
2.4041
2.4642
2.5242
2.5843
2.6413
2.6983
2.7552
2.8122
2.8662
2.9202
2.9742
3.0282
3.0829
3.1376
3.1922
3.2469
3.3054
3.3639
3.4224
3.4808
3.5419
3.6029
3.664
3.725
3.784
3.8431
3.9021
3.9611
3.9708
3.9805
3.9903
4
