0
0.0037183
0.0074366
0.011155
0.014873
0.025471
0.036069
0.046667
0.057264
0.067862
0.07846
0.089058
0.099655
0.11151
0.12337
0.13522
0.14708
0.16141
0.17575
0.19008
0.20442
0.22083
0.23725
0.25366
0.27008
0.289
0.30792
0.32685
0.34577
0.36799
0.3902
0.41242
0.43464
0.4614
0.48817
0.51493
0.5417
0.57489
0.60809
0.64128
0.67448
0.71673
0.75898
0.80124
0.84349
0.89669
0.94988
1.0031
1.0563
1.1162
1.1761
1.236
1.296
1.3545
1.4131
1.4716
1.5302
1.5838
1.6374
1.6911
1.7447
1.7967
1.8488
1.9008
1.9528
2.0085
2.0642
2.1199
2.1757
2.2364
2.2971
2.3579
2.4186
2.4798
2.541
2.6022
2.6635
2.72
2.7765
2.833
2.8895
2.9421
2.9947
3.0473
3.0998
3.1539
3.2079
3.2619
3.3159
3.3754
3.4348
3.4942
3.5536
3.6163
3.6789
3.7416
3.8043
3.8532
3.9021
3.9511
4
