0
0.0038328
0.0076655
0.011498
0.015331
0.021749
0.028166
0.034584
0.041001
0.047419
0.053837
0.060254
0.066672
0.07709
0.087508
0.097926
0.10834
0.12081
0.13328
0.14574
0.15821
0.17281
0.18742
0.20202
0.21663
0.23321
0.24979
0.26637
0.28296
0.30193
0.32091
0.33989
0.35887
0.38106
0.40325
0.42545
0.44764
0.47429
0.50095
0.52761
0.55426
0.58725
0.62025
0.65324
0.68623
0.72829
0.77036
0.81242
0.85448
0.90817
0.96186
1.0156
1.0692
1.1311
1.193
1.2549
1.3167
1.3771
1.4374
1.4978
1.5581
1.6117
1.6653
1.7189
1.7725
1.8231
1.8738
1.9244
1.975
2.0298
2.0846
2.1394
2.1941
2.2558
2.3175
2.3791
2.4408
2.5039
2.5671
2.6303
2.6934
2.7505
2.8076
2.8648
2.9219
2.9732
3.0244
3.0757
3.127
3.1793
3.2316
3.284
3.3363
3.3955
3.4548
3.5141
3.5733
3.6379
3.7024
3.7669
3.8315
3.8736
3.9157
3.9579
4
