0
0.0039449
0.0078899
0.011835
0.01578
0.035505
0.055229
0.074954
0.094679
0.1114
0.12813
0.14485
0.16158
0.17531
0.18905
0.20279
0.21653
0.23287
0.2492
0.26554
0.28188
0.30019
0.3185
0.33681
0.35513
0.37634
0.39755
0.41877
0.43998
0.46518
0.49038
0.51558
0.54078
0.57164
0.6025
0.63337
0.66423
0.70329
0.74234
0.7814
0.82045
0.87103
0.92162
0.9722
1.0228
1.085
1.1473
1.2095
1.2718
1.3359
1.4001
1.4642
1.5283
1.5843
1.6403
1.6963
1.7523
1.8016
1.8509
1.9001
1.9494
2.0008
2.0522
2.1036
2.155
2.2152
2.2753
2.3354
2.3956
2.4615
2.5273
2.5932
2.6591
2.7199
2.7807
2.8415
2.9023
2.9538
3.0053
3.0568
3.1083
3.1575
3.2066
3.2557
3.3048
3.3608
3.4168
3.4727
3.5287
3.5938
3.659
3.7241
3.7893
3.8419
3.8946
3.9473
4
